0.00000E+00
0.00000E+00
0.00000E+00
0.00000E+00
0.00000E+00
0.00000E+00
0.00000E+00
0.00000E+00
0.00000E+00
0.00000E+00
0.00000E+00
0.00000E+00
0.00000E+00
0.00000E+00
0.00000E+00
0.00000E+00
0.00000E+00
0.00000E+00
0.00000E+00
1.63198E+08
1.96077E+09
2.65401E+09
9.04418E+09
3.71277E+09
3.57937E+09
2.94620E+09
2.44577E+09
5.17327E+09
1.10144E+09
9.77580E+08
1.94482E+09
1.63264E+09
2.94768E+08
6.45964E+08
3.51512E+08
2.39484E+08
2.66234E+08
6.46311E+07
1.43919E+08
4.24361E+07
5.47573E+07
2.01704E+08
4.33087E+07
1.32238E+08
8.51891E+07
8.28790E+07
1.19099E+08
4.03092E+07
1.37658E+08
1.98508E+07
1.55359E+08
3.44544E+07
1.21519E+08
1.93641E+07
5.82363E+07
7.70764E+07
3.82821E+07
7.60223E+07
3.77900E+07
1.47178E+08
7.32483E+07
7.31582E+07
1.44305E+08
1.13117E+08
2.96327E+07
1.41163E+08
6.70519E+07
3.77025E+07
6.92406E+07
2.58230E+07
2.29240E+07
1.99409E+07
4.23046E+07
2.54166E+07
3.38244E+07
3.36253E+07
3.35332E+07
3.33897E+07
3.32580E+07
4.95433E+07
6.51822E+07
4.87523E+07
6.45768E+07
4.02047E+07
2.41379E+07
3.20376E+07
3.19730E+07
6.31225E+07
4.44001E+07
1.81993E+07
6.20429E+07
9.75884E+06
5.15876E+07
7.38708E+06
5.35538E+07
5.30537E+06
1.36839E+07
5.87915E+06
2.33839E+07
3.08378E+07
4.26894E+06
1.16316E+07
1.36603E+07
1.42789E+07
1.41370E+07
1.47750E+07
1.45660E+07
1.72845E+07
4.98231E+06
7.08796E+06
1.47606E+07
7.08735E+06
8.37013E+06
1.51058E+07
1.58954E+07
5.06537E+06
6.96560E+06
3.41084E+06
3.45312E+06
7.03551E+06
7.19601E+06
2.79695E+06
4.25912E+06
6.95677E+06
2.95580E+06
4.19111E+06
6.67517E+06
6.20320E+06
6.34429E+06
1.64514E+07
3.40254E+06
2.12582E+07
3.71029E+06
2.93234E+07
3.48899E+07
4.22380E+07
2.22601E+07
8.81330E+06
3.28345E+07
2.29727E+07
6.61864E+06
3.23126E+07
2.63679E+07
5.15581E+06
1.41536E+07
2.10883E+07
3.91445E+07
4.33439E+07
6.86714E+07
2.71678E+07
8.06761E+07
1.25962E+08
5.12529E+07
2.24664E+08
2.73411E+08
1.17092E+08
4.53193E+08
1.12138E+08
4.35037E+08
4.80436E+08
5.03208E+08
5.73534E+08
5.51283E+08
4.12572E+08
4.16996E+08
4.06525E+08
3.75176E+08
3.15949E+08
1.50809E+08
7.02386E+07
5.24835E+07
3.12163E+07
1.00
Al-Be - 172 grp - CEL 151
