0.196403E+08 0.173325E+08 0.169046E+08 0.164872E+08 0.156831E+08
0.149182E+08 0.145499E+08 0.141907E+08 0.138403E+08 0.134986E+08
0.128403E+08 0.125232E+08 0.122140E+08 0.116183E+08 0.110517E+08
0.105127E+08 0.100000E+08 0.951229E+07 0.904837E+07 0.860708E+07
0.818731E+07 0.778801E+07 0.740818E+07 0.704688E+07 0.670320E+07
0.659241E+07 0.637628E+07 0.606531E+07 0.576950E+07 0.548812E+07
0.522046E+07 0.496585E+07 0.472367E+07 0.449329E+07 0.406570E+07
0.367879E+07 0.332871E+07 0.316637E+07 0.301194E+07 0.286505E+07
0.272532E+07 0.259240E+07 0.246597E+07 0.238513E+07 0.236533E+07
0.234570E+07 0.230693E+07 0.223130E+07 0.212248E+07 0.201897E+07
0.192050E+07 0.182684E+07 0.173774E+07 0.165299E+07 0.157237E+07
0.149569E+07 0.142274E+07 0.135335E+07 0.128735E+07 0.122456E+07
0.116484E+07 0.110803E+07 0.100259E+07 0.961672E+06 0.907180E+06
0.862936E+06 0.820850E+06 0.780817E+06 0.742736E+06 0.706512E+06
0.672055E+06 0.639279E+06 0.608101E+06 0.578443E+06 0.550232E+06
0.523397E+06 0.497871E+06 0.450492E+06 0.407622E+06 0.387742E+06
0.368832E+06 0.333733E+06 0.301974E+06 0.298491E+06 0.297211E+06
0.294518E+06 0.287246E+06 0.273237E+06 0.247235E+06 0.235177E+06
0.223708E+06 0.212797E+06 0.202419E+06 0.192547E+06 0.183156E+06
0.174224E+06 0.165727E+06 0.157644E+06 0.149956E+06 0.142642E+06
0.135686E+06 0.129068E+06 0.122773E+06 0.116786E+06 0.111090E+06
0.980365E+05 0.865170E+05 0.825034E+05 0.794987E+05 0.720245E+05
0.673795E+05 0.565622E+05 0.524752E+05 0.463092E+05 0.408677E+05
0.343067E+05 0.318278E+05 0.285011E+05 0.270001E+05 0.260584E+05
0.247875E+05 0.241755E+05 0.235786E+05 0.218749E+05 0.193045E+05
0.150344E+05 0.117088E+05 0.105946E+05 0.911882E+04 0.710174E+04
0.553084E+04 0.430742E+04 0.370744E+04 0.335463E+04 0.303539E+04
0.274654E+04 0.261259E+04 0.248517E+04 0.224867E+04 0.203468E+04
0.158461E+04 0.123410E+04 0.961117E+03 0.748518E+03 0.582947E+03
0.453999E+03 0.353575E+03 0.275364E+03 0.214454E+03 0.167017E+03
0.130073E+03 0.101301E+03 0.788932E+02 0.614421E+02 0.478512E+02
0.372665E+02 0.290232E+02 0.226033E+02 0.176035E+02 0.137096E+02
0.106770E+02 0.831529E+01 0.647595E+01 0.504348E+01 0.392786E+01
0.305902E+01 0.238237E+01 0.185539E+01 0.144498E+01 0.112535E+01
0.876425E+00 0.682560E+00 0.531579E+00 0.413994E+00 0.100001E+00
0.100001E-01
0.00000E+00  0.00000E+00  0.00000E+00  0.00000E+00  0.11928E+09  0.17608E+09  
0.62853E+08  0.58480E+07  0.16908E+07  0.17753E+07  0.64655E+06  0.46320E+06  
0.57011E+06  0.50139E+06  0.43369E+06  0.40740E+06  0.41138E+06  0.40775E+06  
0.39009E+06  0.42391E+06  0.43776E+06  0.46747E+06  0.48909E+06  0.49538E+06  
0.16593E+06  0.33064E+06  0.48575E+06  0.49383E+06  0.48773E+06  0.46773E+06  
0.46689E+06  0.47122E+06  0.47231E+06  0.97966E+06  0.10084E+07  0.10309E+07  
0.53031E+06  0.53848E+06  0.55074E+06  0.55215E+06  0.54645E+06  0.55819E+06  
0.37582E+06  0.57623E+06  0.57569E+06  0.67050E+06  0.37966E+06  0.57469E+06  
0.57558E+06  0.57653E+06  0.57568E+06  0.57485E+06  0.57192E+06  0.56916E+06  
0.56636E+06  0.13397E+07  0.55874E+06  0.55649E+06  0.14265E+07  0.54122E+06  
0.14528E+07  0.10168E+07  0.41081E+06  0.56528E+06  0.47650E+06  0.46635E+06  
0.44994E+06  0.43135E+06  0.41329E+06  0.39456E+06  0.37521E+06  0.35626E+06  
0.33835E+06  0.32184E+06  0.30724E+06  0.29263E+06  0.53636E+06  0.48487E+06  
0.22788E+06  0.21958E+06  0.41170E+06  0.36288E+06  0.38675E+05  0.23495E+06  
0.25023E+06  0.30073E+06  0.15320E+06  0.28590E+06  0.13255E+06  0.12415E+06  
0.11636E+06  0.10974E+06  0.10407E+06  0.99085E+05  0.94401E+05  0.89664E+05  
0.85481E+05  0.80940E+05  0.15443E+06  0.70859E+05  0.65789E+05  0.61013E+05  
0.56458E+05  0.52890E+05  0.12350E+06  0.11199E+06  0.38656E+05  0.28673E+05  
0.70869E+05  0.42813E+05  0.97397E+05  0.36826E+05  0.56511E+05  0.51796E+05  
0.64923E+05  0.23554E+05  0.28579E+05  0.12483E+05  0.92001E+04  0.14476E+05  
0.25488E+05  0.74573E+04  0.20596E+05  0.29513E+05  0.50249E+05  0.42313E+05  
0.14366E+05  0.19371E+05  0.30584E+05  0.26151E+05  0.23859E+05  0.11160E+05  
0.69794E+04  0.66378E+04  0.62833E+04  0.30231E+04  0.29258E+04  0.55909E+04  
0.52855E+04  0.12799E+05  0.10958E+05  0.61309E+04  0.79923E+04  0.56241E+04  
0.56522E+04  0.44334E+04  0.44357E+04  0.44696E+04  0.39133E+04  0.23890E+04  
0.22461E+04  0.23493E+04  0.20685E+04  0.24265E+04  0.17892E+04  0.16793E+04  
0.24464E+04  0.21679E+04  0.15035E+04  0.11690E+04  0.10122E+04  0.14887E+04  
0.12091E+04  0.14246E+04  0.10522E+04  0.30769E+03  0.42404E+03  0.61543E+03  
0.66738E+03  0.38218E+03  0.66876E+03  0.61486E+03  0.44706E+03  0.28804E+04  
0.81434E+04  
1.0
FNG hafnium total flux=4.10E+08
