Materials
cell1
mass = 1
W 90
O 5
Co 2
C 3

cell2
mass = 1
Fe 80
Cr 9
C 2
Ni 3
N 1
Co 0.5
O 1.5
Zr 1
Sn 1
Pb 1

cell3
mass = 1
Co 100

cell4
mass = 0.00001
N 78.3
O 21.3
C 0.1
Ne 0.1
Ag 0.1
He 0.05
H 0.05

cell5
mass = 0.5
Li 6
Pb 90
C 2
Au 1
W 1

cell6
mass = 0.000001
He 100

cell7
mass = 0.25
Cu 70
Cr 20
Zr 10

cell8
mass = 0.7
Nb 20
Sn 20
N 5
Cu 10
Mn 10
O 5
Ti 20
C 10

cell9
mass = 0.1
Be 90
Sb 2
Sn 2
Bi 2
O 2
Ni 2

cell10
mass = 1.0
Mo 7
Y 3
Mg 10
Na 20
Fe 50
Co 10

Flux
cell1
0.00000E+00
0.00000E+00
0.00000E+00
0.00000E+00
0.00000E+00
0.00000E+00
0.00000E+00
0.00000E+00
0.00000E+00
0.00000E+00
0.00000E+00
0.00000E+00
0.00000E+00
0.00000E+00
0.00000E+00
0.00000E+00
0.00000E+00
0.00000E+00
0.00000E+00
0.00000E+00
0.00000E+00
0.00000E+00
0.00000E+00
0.00000E+00
0.00000E+00
0.00000E+00
0.00000E+00
0.00000E+00
0.00000E+00
0.00000E+00
0.00000E+00
0.00000E+00
0.00000E+00
0.00000E+00
0.00000E+00
0.00000E+00
0.00000E+00
0.00000E+00
0.00000E+00
0.00000E+00
0.00000E+00
0.00000E+00
0.00000E+00
0.00000E+00
0.00000E+00
0.00000E+00
0.00000E+00
0.00000E+00
0.00000E+00
0.00000E+00
0.00000E+00
0.00000E+00
0.00000E+00
0.00000E+00
0.00000E+00
0.00000E+00
0.00000E+00
0.00000E+00
0.00000E+00
0.00000E+00
0.00000E+00
0.00000E+00
0.00000E+00
0.00000E+00
0.00000E+00
0.00000E+00
0.00000E+00
0.00000E+00
0.00000E+00
0.00000E+00
0.00000E+00
0.00000E+00
0.00000E+00
0.00000E+00
0.00000E+00
0.00000E+00
0.00000E+00
0.00000E+00
0.00000E+00
0.00000E+00
0.00000E+00
0.00000E+00
0.00000E+00
0.00000E+00
0.00000E+00
0.00000E+00
0.00000E+00
0.00000E+00
0.00000E+00
0.00000E+00
0.00000E+00
0.00000E+00
0.00000E+00
0.00000E+00
0.00000E+00
6.09017E-18
0.00000E+00
2.26565E-18
1.96316E-18
0.00000E+00
0.00000E+00
3.01124E-17
0.00000E+00
0.00000E+00
0.00000E+00
0.00000E+00
1.43791E-18
0.00000E+00
1.63396E-18
0.00000E+00
0.00000E+00
0.00000E+00
0.00000E+00
0.00000E+00
0.00000E+00
0.00000E+00
0.00000E+00
0.00000E+00
0.00000E+00
5.61956E-21
1.48808E-19
0.00000E+00
1.86912E-17
3.18390E-20
1.69556E-17
1.43813E-17
3.35684E-19
2.28700E-17
0.00000E+00
8.72939E-18
0.00000E+00
1.16552E-17
1.63208E-17
1.83967E-17
0.00000E+00
1.52546E-16
3.65682E-18
1.47269E-17
1.55597E-16
3.37200E-17
4.79047E-19
9.49358E-18
1.20391E-16
9.79023E-17
1.71111E-16
3.05626E-16
2.40416E-16
1.07536E-16
1.83522E-16
6.30504E-17
1.86596E-16
1.61642E-16
1.53825E-16
6.48015E-16
3.91870E-16
3.19563E-16
5.65935E-16
3.03441E-16
8.57104E-16
1.06491E-15
7.29886E-16
9.95897E-16
9.90948E-16
9.12827E-16
1.02442E-15
1.00841E-15
1.48135E-15
1.88442E-15
1.34471E-15
1.48877E-15
1.69008E-15
2.35287E-15
3.00599E-15
2.25222E-15
2.89518E-15
2.81462E-15
3.83040E-15
4.35205E-15
5.14552E-15
5.21760E-15
5.36200E-15
6.15420E-15
7.99435E-15
7.10935E-15
7.11085E-15
8.99152E-15
8.12495E-15
1.10120E-14
1.02529E-14
1.02859E-14
1.05754E-14
1.22012E-14
1.47010E-14
1.33511E-14
1.53417E-14
1.65984E-14
1.67248E-14
1.48416E-14
1.51787E-14
1.77056E-14
1.64517E-14
2.01672E-14
1.97437E-14
1.93433E-14
2.59719E-14
2.02594E-14
2.01059E-14
2.12126E-14
2.38541E-14
2.30748E-14
2.02766E-14
2.27733E-14
2.59165E-14
2.57500E-14
3.01181E-14
3.00083E-14
2.93301E-14
3.33786E-14
3.25756E-14
3.92200E-14
3.48696E-14
3.93029E-14
4.20769E-14
4.27695E-14
4.68741E-14
5.20833E-14
5.71705E-14
5.35041E-14
5.59225E-14
6.17744E-14
6.53423E-14
6.10494E-14
6.54769E-14
6.71973E-14
7.93009E-14
7.83107E-14
9.04098E-14
9.23228E-14
9.66972E-14
9.07343E-14
1.03732E-13
1.06058E-13
1.16334E-13
1.18470E-13
1.25384E-13
1.36985E-13
1.43995E-13
1.45147E-13
1.54977E-13
1.58489E-13
1.76755E-13
1.77833E-13
1.91186E-13
2.18598E-13
2.19408E-13
2.47588E-13
2.65463E-13
2.39758E-13
2.76061E-13
2.91371E-13
2.89260E-13
3.06535E-13
3.17369E-13
3.60933E-13
3.92502E-13
3.91342E-13
4.23615E-13
4.42156E-13
4.93446E-13
4.99770E-13
5.48957E-13
5.39373E-13
5.77971E-13
6.51792E-13
6.52176E-13
7.13958E-13
7.23177E-13
7.19917E-13
7.69261E-13
7.63374E-13
8.26269E-13
8.24840E-13
9.00167E-13
1.05208E-12
1.14956E-12
1.26061E-12
1.37692E-12
1.49836E-12
1.49790E-12
1.63542E-12
1.73285E-12
1.84569E-12
1.92416E-12
1.95214E-12
2.09407E-12
2.17246E-12
2.44488E-12
2.52967E-12
2.89528E-12
2.91559E-12
3.07398E-12
3.36518E-12
3.68186E-12
3.85153E-12
4.04313E-12
4.23829E-12
4.44242E-12
4.83254E-12
5.03754E-12
5.32986E-12
5.58139E-12
5.99785E-12
6.39025E-12
6.98292E-12
5.08886E-12
6.23404E-12
7.53623E-12
7.57752E-12
9.32027E-12
9.86486E-12
1.02523E-11
1.08394E-11
1.11948E-11
1.27915E-11
1.37293E-11
1.46390E-11
1.51452E-11
1.57169E-11
1.68367E-11
1.77735E-11
1.85929E-11
2.00387E-11
2.08103E-11
2.19057E-11
2.21823E-11
2.50142E-11
2.70794E-11
2.80865E-11
3.01684E-11
3.15507E-11
3.35496E-11
3.48857E-11
3.65787E-11
3.88529E-11
4.05141E-11
4.28103E-11
4.51204E-11
4.75589E-11
4.95475E-11
5.13583E-11
5.37609E-11
5.59713E-11
5.94242E-11
6.08075E-11
6.53349E-11
6.89204E-11
7.11834E-11
7.51974E-11
7.88528E-11
8.29439E-11
8.56476E-11
9.13709E-11
9.40779E-11
1.00982E-10
9.84382E-11
1.08827E-10
1.12797E-10
1.16650E-10
1.24462E-10
1.30717E-10
1.34973E-10
1.43930E-10
1.53406E-10
1.62731E-10
1.70974E-10
1.67762E-10
1.35623E-10
1.07078E-10
1.42719E-10
1.69732E-10
1.83654E-10
1.93345E-10
2.00529E-10
2.09498E-10
2.16763E-10
2.23434E-10
2.31492E-10
2.39572E-10
2.46077E-10
2.53007E-10
2.61301E-10
2.70244E-10
2.76444E-10
2.84874E-10
2.93018E-10
3.03056E-10
3.08476E-10
3.19101E-10
3.27351E-10
3.35220E-10
3.39982E-10
3.47179E-10
3.09543E-10
3.22451E-10
3.72268E-10
4.04115E-10
4.15267E-10
4.27884E-10
4.35488E-10
4.50447E-10
4.59885E-10
4.74498E-10
4.95192E-10
5.07735E-10
5.21798E-10
5.36122E-10
5.42688E-10
5.37148E-10
5.16181E-10
4.94089E-10
5.09933E-10
5.47641E-10
5.78857E-10
6.05564E-10
6.30111E-10
6.45589E-10
6.79701E-10
6.85178E-10
7.11517E-10
7.04153E-10
6.28843E-10
6.38559E-10
6.80821E-10
7.23337E-10
7.72243E-10
8.14661E-10
8.49197E-10
8.48680E-10
7.98148E-10
8.43766E-10
7.51566E-10
7.68854E-10
8.08033E-10
7.27158E-10
5.92182E-10
4.83200E-10
5.00954E-10
5.88413E-10
6.66604E-10
7.45412E-10
8.05805E-10
8.20287E-10
8.51856E-10
8.75848E-10
9.10686E-10
9.25144E-10
9.52033E-10
9.73447E-10
9.79816E-10
1.00818E-09
1.02226E-09
1.04953E-09
1.02072E-09
1.10069E-09
1.15695E-09
1.19225E-09
1.25905E-09
1.37220E-09
1.56619E-09
1.93348E-09
2.42276E-09
1.93967E-09
8.41562E-10
3.17152E-10
6.08650E-10
8.86244E-10
1.05796E-09
1.17459E-09
1.24439E-09
1.32981E-09
1.51311E-09
1.44575E-09
1.26146E-09
1.49111E-09
1.54583E-09
1.47957E-09
1.27531E-09
1.41159E-09
1.61451E-09
1.73405E-09
1.86804E-09
2.12753E-09
2.36112E-09
2.29111E-09
1.65033E-09
1.70464E-09
2.05325E-09
1.34707E-09
1.90171E-09
2.02787E-09
1.89238E-09
2.13795E-09
2.42340E-09
2.60578E-09
2.48097E-09
2.84312E-09
2.58394E-09
3.33806E-09
1.72791E-09
2.03169E-09
2.49825E-09
2.72448E-09
2.16212E-09
2.68716E-09
1.83911E-09
1.54257E-09
1.77360E-09
1.67824E-09
1.44496E-09
1.46018E-09
1.45792E-09
1.80366E-09
2.05847E-09
1.93385E-09
2.99437E-09
3.47401E-09
2.60145E-09
4.16943E-09
3.16183E-09
3.64835E-09
3.13379E-09
2.91969E-09
3.43226E-09
3.63184E-09
4.20430E-09
4.80853E-09
5.12723E-09
4.02184E-09
4.96397E-09
5.13131E-09
5.08085E-09
4.94481E-09
4.69295E-09
4.57956E-09
3.81294E-09
3.75297E-09
3.65648E-09
3.27851E-09
3.48906E-09
3.50027E-09
2.85880E-09
2.84540E-09
2.90390E-09
2.95401E-09
2.87782E-09
2.61208E-09
2.38962E-09
2.43890E-09
2.17776E-09
2.05908E-09
1.98701E-09
2.03680E-09
1.79444E-09
1.61546E-09
1.55437E-09
1.34674E-09
1.27937E-09
1.21902E-09
1.14890E-09
9.87374E-10
8.64530E-10
7.77840E-10
6.74207E-10
5.84531E-10
5.13972E-10
4.38877E-10
3.92565E-10
3.40378E-10
2.98970E-10
2.54371E-10
2.21394E-10
1.91535E-10
1.70366E-10
1.51065E-10
1.36340E-10
1.22015E-10
1.13444E-10
1.03813E-10
9.85065E-11
9.45419E-11
9.19878E-11
8.93367E-11
8.82868E-11
8.74555E-11
8.85274E-11
8.87710E-11
9.16997E-11
9.49493E-11
9.48392E-11
9.34979E-11
8.85714E-11
3.40989E-11
3.19450E-11
3.14755E-11
3.14650E-11
3.27696E-11
3.38835E-11
3.51439E-11
3.23741E-11
2.83591E-11
2.71079E-11
2.89720E-11
3.50111E-11
4.44051E-11
5.66385E-11
7.32394E-11
1.02323E-10
1.69271E-10
3.66069E-10
7.66095E-10
1.23811E-09
1.37651E-09
1.01182E-09
4.89688E-10
1.53830E-10
3.17140E-11
4.07274E-12
4.06593E-13
1.95065E-14
0.00000E+00
0.00000E+00
0.00000E+00
0.00000E+00
0.00000E+00
0.00000E+00
0.00000E+00
0.00000E+00
0.00000E+00
0.00000E+00
0.00000E+00
0.00000E+00
0.00000E+00
0.00000E+00
0.00000E+00
0.00000E+00
0.00000E+00
0.00000E+00
0.00000E+00
0.00000E+00
0.00000E+00
0.00000E+00
0.00000E+00
0.00000E+00
0.00000E+00
0.00000E+00
0.00000E+00
0.00000E+00
0.00000E+00
0.00000E+00
0.00000E+00
0.00000E+00
0.00000E+00
0.00000E+00
0.00000E+00
0.00000E+00
0.00000E+00
0.00000E+00
0.00000E+00
0.00000E+00
0.00000E+00
0.00000E+00
0.00000E+00
0.00000E+00
0.00000E+00
0.00000E+00
0.00000E+00
0.00000E+00
0.00000E+00
0.00000E+00
0.00000E+00
0.00000E+00
0.00000E+00
0.00000E+00
0.00000E+00
0.00000E+00
0.00000E+00
0.00000E+00
0.00000E+00
0.00000E+00
0.00000E+00
0.00000E+00
0.00000E+00
0.00000E+00
0.00000E+00
0.00000E+00
0.00000E+00
0.00000E+00
0.00000E+00
0.00000E+00
0.00000E+00
0.00000E+00
0.00000E+00
0.00000E+00
0.00000E+00
0.00000E+00
0.00000E+00
0.00000E+00
0.00000E+00
0.00000E+00

cell2
0.00000E+00
2.70870E-17
0.00000E+00
5.11035E-17
2.50764E-17
2.13980E-17
1.36684E-16
2.21224E-16
3.24540E-17
9.38271E-17
1.07759E-17
3.89324E-17
1.66733E-16
4.56988E-17
1.42476E-16
2.68489E-16
1.52791E-16
2.11871E-16
1.95384E-16
8.11251E-16
4.84559E-16
6.40054E-16
7.98100E-16
4.62370E-16
3.68194E-16
4.65574E-16
8.10118E-16
1.78437E-15
1.38065E-15
1.15327E-15
1.20518E-15
1.25553E-15
1.09796E-15
2.44255E-15
1.84481E-15
1.40529E-15
3.64460E-15
3.01204E-15
2.55409E-15
2.69682E-15
1.94499E-15
2.43844E-15
5.78834E-15
4.26664E-15
3.90302E-15
3.87455E-15
6.45333E-15
3.26274E-15
4.16496E-15
6.47889E-15
5.85746E-15
4.83064E-15
8.06447E-15
9.59741E-15
7.85683E-15
8.01529E-15
1.34827E-14
1.69346E-14
1.86966E-14
1.89422E-14
1.83487E-14
1.85013E-14
1.78565E-14
2.52170E-14
2.11489E-14
2.60193E-14
3.60595E-14
3.09719E-14
4.19325E-14
4.18420E-14
4.97329E-14
5.04579E-14
5.26061E-14
5.34244E-14
7.18669E-14
5.71397E-14
7.20843E-14
8.45975E-14
9.40835E-14
1.05365E-13
1.06824E-13
1.19712E-13
1.31676E-13
1.53219E-13
1.63205E-13
1.79859E-13
2.08081E-13
1.81881E-13
2.31928E-13
2.57015E-13
2.81519E-13
2.95001E-13
3.49851E-13
3.53143E-13
3.52489E-13
4.35030E-13
4.87419E-13
5.05161E-13
5.86372E-13
6.84528E-13
6.87960E-13
8.08533E-13
8.80273E-13
9.05060E-13
1.02235E-12
1.07089E-12
1.19032E-12
1.25352E-12
1.40564E-12
1.60616E-12
1.62684E-12
1.89045E-12
2.01120E-12
2.18781E-12
2.36631E-12
2.59505E-12
2.97457E-12
3.13494E-12
3.43971E-12
3.68215E-12
4.13800E-12
4.57547E-12
4.94544E-12
5.61638E-12
5.86613E-12
6.36404E-12
7.01565E-12
7.55519E-12
8.12056E-12
9.16981E-12
9.60662E-12
1.08643E-11
1.16694E-11
1.28046E-11
1.39983E-11
1.53455E-11
1.66070E-11
1.77838E-11
1.90898E-11
2.13514E-11
2.30780E-11
2.45949E-11
2.70684E-11
2.92745E-11
3.19950E-11
3.44754E-11
3.65435E-11
4.00611E-11
4.41090E-11
4.70672E-11
5.05553E-11
5.42749E-11
6.02459E-11
6.35216E-11
6.85582E-11
7.35258E-11
8.38079E-11
8.39969E-11
9.03312E-11
9.71543E-11
1.04295E-10
1.11386E-10
1.19106E-10
1.26540E-10
1.35224E-10
1.42278E-10
1.52358E-10
1.62341E-10
1.70780E-10
1.81775E-10
1.91260E-10
2.00736E-10
2.12558E-10
2.21504E-10
2.33508E-10
2.43252E-10
2.53196E-10
2.62754E-10
2.73363E-10
2.84260E-10
2.93641E-10
3.02396E-10
3.10610E-10
3.18558E-10
3.24439E-10
3.31820E-10
3.38493E-10
3.38014E-10
3.46292E-10
3.44872E-10
3.47045E-10
3.49206E-10
3.45135E-10
3.43521E-10
3.38555E-10
3.34417E-10
3.27961E-10
3.19157E-10
3.12229E-10
3.03441E-10
2.92836E-10
2.83231E-10
2.74330E-10
2.62355E-10
2.53431E-10
2.42961E-10
2.32660E-10
2.23710E-10
2.14870E-10
2.02768E-10
1.96441E-10
1.90059E-10
1.82273E-10
1.76169E-10
1.72872E-10
1.68372E-10
1.63094E-10
1.60377E-10
1.56921E-10
1.55142E-10
1.53312E-10
1.52330E-10
1.51392E-10
1.49569E-10
1.49696E-10
1.49539E-10
1.47285E-10
1.49353E-10
1.48598E-10
1.48729E-10
1.50210E-10
1.47596E-10
1.49494E-10
1.50079E-10
1.50009E-10
1.48754E-10
1.49930E-10
1.51013E-10
1.49837E-10
1.49329E-10
1.51186E-10
1.51235E-10
1.48879E-10
1.51250E-10
1.52043E-10
1.50428E-10
1.51411E-10
1.51479E-10
1.51866E-10
1.53322E-10
1.57574E-10
1.57413E-10
1.53552E-10
1.52694E-10
1.54452E-10
1.54385E-10
1.54880E-10
1.53599E-10
1.54066E-10
1.55819E-10
1.57049E-10
1.56408E-10
1.55373E-10
1.56792E-10
1.56609E-10
1.56043E-10
1.56134E-10
1.58685E-10
1.59222E-10
1.57893E-10
1.58163E-10
1.58177E-10
1.58541E-10
1.56895E-10
1.58943E-10
1.58813E-10
1.58985E-10
1.57967E-10
1.56658E-10
1.55671E-10
1.49801E-10
1.28522E-10
1.36027E-10
1.62279E-10
1.66861E-10
1.66668E-10
1.67348E-10
1.69115E-10
1.67597E-10
1.69077E-10
1.68059E-10
1.68763E-10
1.66986E-10
1.66860E-10
1.63019E-10
1.65439E-10
1.71232E-10
1.71927E-10
1.73422E-10
1.72126E-10
1.76961E-10
1.70247E-10
1.74135E-10
1.74295E-10
1.72967E-10
1.74437E-10
1.75652E-10
1.74506E-10
1.78950E-10
1.75212E-10
1.74036E-10
1.76439E-10
1.80216E-10
1.85581E-10
1.32646E-10
1.40704E-10
1.71397E-10
1.53500E-10
1.79290E-10
1.81861E-10
1.81261E-10
1.80757E-10
1.73152E-10
1.86359E-10
1.88055E-10
1.86587E-10
1.87097E-10
1.88355E-10
1.86454E-10
1.86807E-10
1.84613E-10
1.86247E-10
1.89428E-10
1.90237E-10
1.74958E-10
1.85961E-10
1.93232E-10
1.90621E-10
1.92988E-10
1.91897E-10
1.90500E-10
1.90038E-10
1.92599E-10
1.93212E-10
1.92850E-10
1.89388E-10
1.91984E-10
1.93680E-10
1.90408E-10
1.92158E-10
1.92316E-10
1.87137E-10
1.92983E-10
1.92561E-10
1.89103E-10
1.94801E-10
1.94644E-10
1.92461E-10
1.93786E-10
1.96691E-10
1.91268E-10
1.92886E-10
1.95282E-10
2.01968E-10
1.80814E-10
1.95060E-10
1.95551E-10
1.96965E-10
1.92971E-10
1.97038E-10
1.94246E-10
1.94728E-10
2.02834E-10
2.06262E-10
2.16550E-10
2.24916E-10
1.95453E-10
1.42786E-10
1.67396E-10
1.86893E-10
1.94197E-10
1.95624E-10
1.92467E-10
1.94845E-10
1.98203E-10
1.95152E-10
1.97046E-10
1.99813E-10
2.01989E-10
1.95877E-10
1.97181E-10
2.00023E-10
1.97289E-10
1.99986E-10
1.97192E-10
2.02380E-10
1.93220E-10
1.98809E-10
2.03067E-10
2.03643E-10
1.97523E-10
2.07373E-10
1.94477E-10
1.80178E-10
1.87577E-10
2.00970E-10
1.98861E-10
2.03833E-10
1.97419E-10
2.04193E-10
1.97341E-10
2.00012E-10
2.03844E-10
2.04005E-10
2.11930E-10
2.05271E-10
1.98085E-10
2.02395E-10
2.04538E-10
1.92879E-10
1.92350E-10
1.92227E-10
1.95253E-10
1.99948E-10
2.06461E-10
1.99612E-10
2.01938E-10
2.07745E-10
2.09933E-10
2.17636E-10
1.91099E-10
1.92514E-10
1.96776E-10
1.97422E-10
2.04343E-10
2.04522E-10
2.15534E-10
2.12715E-10
2.09090E-10
2.18061E-10
2.07356E-10
2.04615E-10
2.32129E-10
2.32168E-10
2.02940E-10
1.61866E-10
1.53817E-10
1.67809E-10
1.80422E-10
1.88274E-10
1.98032E-10
1.99502E-10
2.02029E-10
2.01534E-10
2.08882E-10
2.09190E-10
2.09874E-10
2.03900E-10
2.08966E-10
2.09828E-10
2.12757E-10
2.12411E-10
2.15156E-10
2.10728E-10
2.15199E-10
2.18980E-10
2.19994E-10
2.14537E-10
2.21818E-10
2.24660E-10
2.82517E-10
4.14708E-10
2.63453E-10
8.88770E-11
1.39682E-10
1.80748E-10
2.02787E-10
2.10567E-10
2.17690E-10
2.21539E-10
2.28956E-10
2.32832E-10
2.29493E-10
2.39876E-10
2.52310E-10
2.65274E-10
2.26018E-10
2.23790E-10
2.39483E-10
2.43953E-10
2.52004E-10
2.56465E-10
2.68449E-10
3.22089E-10
2.26984E-10
2.75238E-10
3.76747E-10
1.96015E-10
2.70501E-10
2.87135E-10
2.59334E-10
2.74392E-10
2.95424E-10
2.91937E-10
3.04687E-10
3.22913E-10
3.17487E-10
4.28188E-10
2.74903E-10
2.80384E-10
3.14432E-10
3.64738E-10
3.27076E-10
3.99838E-10
3.82502E-10
2.96878E-10
3.35055E-10
3.99210E-10
3.46243E-10
3.83277E-10
3.82442E-10
3.99751E-10
4.78899E-10
3.53484E-10
4.59618E-10
5.77193E-10
3.86982E-10
4.82328E-10
5.05004E-10
4.86394E-10
3.95919E-10
3.85849E-10
3.50681E-10
3.85746E-10
4.73601E-10
5.20688E-10
5.01055E-10
5.13266E-10
5.70112E-10
5.63120E-10
5.89840E-10
6.23613E-10
5.52426E-10
6.15714E-10
5.29113E-10
5.29310E-10
5.42292E-10
5.02803E-10
4.66063E-10
4.50262E-10
3.67621E-10
3.49560E-10
3.83649E-10
4.20166E-10
4.52687E-10
4.03126E-10
3.63066E-10
3.67072E-10
3.63848E-10
3.53128E-10
3.28308E-10
3.20478E-10
3.30474E-10
3.23294E-10
2.79077E-10
2.61966E-10
2.59029E-10
2.61423E-10
2.63656E-10
2.67282E-10
2.33489E-10
2.17605E-10
2.20472E-10
1.99520E-10
1.90690E-10
1.77006E-10
1.62785E-10
1.50097E-10
1.39935E-10
1.27242E-10
1.26340E-10
1.23864E-10
1.15396E-10
1.12965E-10
1.12983E-10
1.09272E-10
1.04029E-10
1.03346E-10
9.78758E-11
9.89965E-11
1.00615E-10
1.01147E-10
1.01688E-10
9.72571E-11
9.63808E-11
9.35733E-11
9.20649E-11
8.98159E-11
9.45578E-11
9.24619E-11
8.55529E-11
3.56104E-11
3.49318E-11
3.73694E-11
3.93896E-11
3.99324E-11
3.80588E-11
3.73409E-11
3.71464E-11
4.00106E-11
4.63415E-11
5.52813E-11
6.21889E-11
7.34116E-11
7.69962E-11
8.83452E-11
1.09595E-10
1.55355E-10
2.89258E-10
5.56283E-10
8.44398E-10
9.19349E-10
6.62039E-10
3.14407E-10
1.00253E-10
3.02588E-11
2.89269E-12
1.24565E-13
9.57120E-15
2.92523E-16
0.00000E+00
0.00000E+00
0.00000E+00
0.00000E+00
0.00000E+00
0.00000E+00
0.00000E+00
0.00000E+00
0.00000E+00
0.00000E+00
0.00000E+00
0.00000E+00
0.00000E+00
0.00000E+00
0.00000E+00
0.00000E+00
0.00000E+00
0.00000E+00
0.00000E+00
0.00000E+00
0.00000E+00
0.00000E+00
0.00000E+00
0.00000E+00
0.00000E+00
0.00000E+00
0.00000E+00
0.00000E+00
0.00000E+00
0.00000E+00
0.00000E+00
0.00000E+00
0.00000E+00
0.00000E+00
0.00000E+00
0.00000E+00
0.00000E+00
0.00000E+00
0.00000E+00
0.00000E+00
0.00000E+00
0.00000E+00
0.00000E+00
0.00000E+00
0.00000E+00
0.00000E+00
0.00000E+00
0.00000E+00
0.00000E+00
0.00000E+00
0.00000E+00
0.00000E+00
0.00000E+00
0.00000E+00
0.00000E+00
0.00000E+00
0.00000E+00
0.00000E+00
0.00000E+00
0.00000E+00
0.00000E+00
0.00000E+00
0.00000E+00
0.00000E+00
0.00000E+00
0.00000E+00
0.00000E+00
0.00000E+00
0.00000E+00
0.00000E+00
0.00000E+00
0.00000E+00
0.00000E+00
0.00000E+00
0.00000E+00
0.00000E+00
0.00000E+00
0.00000E+00
0.00000E+00

cell3
0.00000E+00
3.98006E-23
1.45201E-23
4.29818E-23
3.81441E-22
2.18425E-22
9.18856E-23
2.48526E-22
4.14047E-21
7.30004E-22
1.34985E-22
4.13719E-22
2.79434E-22
5.51881E-22
3.89857E-22
2.18026E-22
1.14740E-22
4.29894E-22
8.39942E-22
3.67649E-22
1.45132E-21
1.54719E-21
5.94774E-22
6.31201E-22
7.27693E-22
6.60950E-22
1.09240E-21
7.34941E-22
2.11593E-21
4.58893E-21
1.72801E-21
5.94447E-21
1.57506E-21
1.31071E-21
6.83077E-21
1.43028E-20
4.79972E-21
4.00324E-20
1.65786E-20
5.96001E-21
1.12106E-20
3.91711E-21
4.73119E-21
1.40943E-20
6.00060E-21
1.09090E-20
5.42176E-21
7.10584E-21
7.48792E-21
2.22718E-20
8.62538E-21
3.25733E-20
4.21508E-20
1.34832E-20
1.66488E-20
5.20686E-20
7.11114E-20
3.31837E-20
5.11623E-20
2.86567E-20
3.11562E-20
5.66977E-20
1.54121E-19
4.59347E-20
7.56157E-20
4.02745E-19
7.64377E-20
1.67172E-19
3.57044E-19
1.47149E-19
1.16166E-19
1.22235E-19
1.71805E-19
1.27747E-19
2.07668E-19
1.49005E-19
6.10187E-19
1.09018E-18
2.12017E-19
2.72674E-19
2.44464E-19
1.12257E-18
3.75431E-19
4.88576E-19
4.79499E-19
7.76042E-19
9.93132E-19
8.22305E-19
6.43494E-19
1.49476E-18
1.26163E-18
1.10776E-18
7.05702E-19
1.28534E-18
1.11703E-18
1.80465E-18
2.86577E-18
6.66905E-18
2.63981E-18
2.25019E-18
2.79914E-18
3.43448E-17
3.62916E-18
8.78061E-18
2.80582E-18
4.02806E-18
5.25675E-18
3.34874E-18
1.05565E-17
9.05119E-18
9.66160E-18
8.88646E-18
1.03120E-17
8.12149E-18
1.08323E-17
1.05754E-17
1.83595E-17
1.80682E-17
1.08622E-17
2.02445E-17
1.46978E-17
1.26209E-17
1.45650E-17
1.70024E-17
2.20611E-17
2.60080E-17
2.80746E-17
3.76132E-17
4.03747E-17
4.06367E-17
1.21395E-16
3.93790E-17
5.55535E-17
5.88042E-17
5.06148E-17
1.03475E-16
7.27817E-17
8.45421E-17
9.28023E-17
1.00047E-16
1.16274E-16
9.53043E-17
1.78102E-16
1.14962E-16
1.37345E-16
1.45086E-16
1.81265E-16
1.85883E-16
1.72997E-16
3.74333E-16
2.02675E-16
2.51388E-16
2.51503E-16
4.12655E-16
3.06870E-16
3.17428E-16
3.27062E-16
3.73003E-16
4.83546E-16
4.37273E-16
4.57783E-16
7.23381E-16
5.70768E-16
5.55823E-16
6.09272E-16
9.14458E-16
7.68876E-16
7.55614E-16
7.04215E-16
9.18358E-16
8.73861E-16
9.61664E-16
1.04822E-15
1.02364E-15
1.11855E-15
5.96194E-15
1.13440E-15
1.29042E-15
1.69102E-15
1.55821E-15
1.48961E-15
1.43862E-15
1.45983E-15
1.57099E-15
1.58819E-15
1.71024E-15
2.13828E-15
1.77554E-15
1.76400E-15
2.11776E-15
1.80228E-15
2.07208E-15
1.77816E-15
1.88875E-15
1.71538E-15
1.99718E-15
1.64964E-15
2.10928E-15
1.84976E-15
1.76754E-15
1.77563E-15
1.51795E-15
1.43535E-15
1.42546E-15
6.74285E-15
8.84397E-15
3.39473E-15
1.79917E-15
1.14913E-15
1.46070E-14
2.96330E-15
2.74027E-15
4.95211E-15
5.21214E-15
1.32465E-15
5.29249E-15
1.09454E-15
1.44448E-15
9.75157E-16
1.53543E-15
1.36643E-15
1.24929E-15
1.43417E-15
1.02541E-15
8.42343E-16
1.03108E-15
8.25703E-16
4.66695E-15
1.32518E-15
1.01438E-15
9.29682E-16
8.87823E-16
9.37894E-16
9.04650E-16
9.62993E-16
8.52568E-16
1.00343E-15
9.83739E-16
8.74593E-16
1.23158E-15
3.80561E-15
1.16713E-14
5.64903E-15
1.06126E-15
1.10613E-15
1.09751E-15
1.78589E-15
1.37954E-15
1.26248E-15
9.03833E-16
8.56403E-16
9.03440E-16
9.23399E-16
8.61733E-16
9.55586E-16
8.40131E-16
2.37638E-15
3.97021E-15
9.46201E-16
8.83686E-16
1.58957E-15
1.02543E-15
1.30201E-15
1.54866E-15
1.19592E-15
1.09232E-15
1.10604E-15
1.07037E-15
1.12717E-15
1.08055E-15
8.44394E-16
8.35798E-16
1.13325E-15
1.02757E-15
4.64902E-15
1.25363E-15
1.25489E-15
1.04013E-15
1.23232E-15
1.09200E-15
1.03389E-15
1.10404E-15
1.03835E-15
1.16490E-15
1.05220E-15
1.26078E-15
1.11002E-15
1.42021E-15
1.00250E-15
9.93257E-16
1.04159E-15
1.01311E-15
1.05150E-15
9.33920E-16
9.46683E-16
1.17974E-15
1.05353E-15
9.17751E-16
1.06064E-15
9.06974E-16
1.22873E-15
9.38980E-16
1.38573E-14
1.42633E-15
9.96267E-16
1.02950E-15
1.10454E-15
9.13055E-16
1.20317E-15
1.34023E-15
1.00069E-15
1.00461E-15
1.00903E-15
1.00354E-15
1.00426E-15
1.12824E-15
1.10385E-15
1.23540E-15
1.19115E-15
9.64876E-16
1.08672E-15
9.93935E-16
9.90567E-16
9.48704E-16
9.36795E-16
1.11545E-15
9.35434E-16
1.36969E-15
1.25452E-15
1.37776E-15
9.81095E-16
1.35379E-15
1.50138E-15
9.30316E-16
1.12611E-15
1.95383E-15
1.11663E-15
1.11832E-15
1.19836E-15
8.94220E-16
1.14230E-15
9.56109E-16
1.14086E-15
1.11914E-15
9.21864E-16
1.02404E-15
1.01887E-15
1.00474E-15
9.56904E-16
1.02050E-15
2.41856E-15
1.02926E-15
9.71348E-16
1.10023E-15
1.07083E-15
9.79830E-16
9.08416E-16
7.96241E-16
9.47051E-16
1.25863E-15
1.06367E-15
1.35708E-15
1.14261E-15
1.46198E-15
1.11977E-15
1.20062E-15
9.84973E-16
1.20280E-15
1.40899E-15
1.04270E-15
1.66097E-15
1.00160E-15
3.34046E-15
1.21005E-15
1.26590E-15
1.08099E-15
6.84786E-16
3.66754E-16
5.59557E-16
8.64946E-16
9.67200E-16
9.14552E-16
9.22285E-16
1.07210E-15
9.43592E-16
9.25983E-16
1.11123E-15
1.27993E-15
1.53876E-15
1.49978E-15
1.29170E-15
3.10060E-15
1.05453E-15
2.53566E-15
1.18988E-15
1.02105E-15
9.31748E-16
1.02397E-15
1.02292E-15
1.38276E-15
9.85576E-16
1.00884E-15
8.35943E-16
7.86882E-16
9.39073E-16
1.15098E-15
9.94776E-16
1.40209E-15
1.12234E-15
5.06632E-15
6.04712E-15
1.37033E-15
1.06064E-15
1.07078E-15
1.08078E-15
1.32696E-15
1.27273E-15
3.42581E-15
9.76883E-16
7.79545E-16
7.87747E-16
8.46668E-16
9.51098E-16
1.01808E-15
1.09609E-15
1.08711E-15
1.05540E-15
9.89929E-16
9.96209E-16
1.19083E-15
9.89501E-16
1.01399E-15
1.13488E-15
1.00797E-15
1.15441E-15
1.15836E-15
1.20943E-15
1.02040E-15
1.13168E-15
1.12312E-15
1.68035E-15
1.14142E-15
1.14365E-15
1.49328E-15
1.33532E-15
8.12868E-16
8.69452E-16
9.86249E-16
1.21116E-15
1.04194E-15
1.42258E-15
1.89314E-15
1.26117E-15
1.08349E-15
1.21010E-15
1.11029E-15
1.41103E-15
2.51117E-15
6.88979E-15
4.51237E-15
1.25376E-15
1.09580E-15
1.66462E-14
9.11814E-16
1.21320E-15
3.38236E-15
6.79563E-15
1.37710E-15
1.39732E-15
1.07445E-15
1.57121E-15
2.33358E-15
1.39265E-15
4.99312E-16
7.86413E-16
9.39408E-16
1.03504E-15
5.20345E-15
1.03795E-15
1.41463E-15
1.36436E-15
8.89988E-15
1.46260E-15
1.94398E-15
2.00225E-15
1.62938E-15
1.02443E-15
3.16873E-15
1.23609E-15
4.64148E-15
5.80365E-15
1.16718E-15
1.46119E-15
7.26834E-15
2.45987E-14
1.68587E-15
1.79797E-15
1.10805E-15
1.60599E-15
1.95891E-15
1.20319E-15
1.70322E-15
1.58650E-15
1.37336E-15
1.64599E-15
1.95091E-15
1.80976E-15
2.52026E-15
1.39108E-15
1.45333E-15
2.02099E-15
1.64372E-15
1.68723E-15
1.95861E-15
2.15023E-15
1.88997E-15
2.01349E-15
2.12766E-15
3.79486E-14
2.42123E-15
2.42800E-15
2.14169E-15
4.34387E-15
4.26289E-15
3.21660E-15
4.20813E-15
5.84118E-15
4.66442E-15
2.11495E-14
2.70905E-15
2.90213E-15
2.11743E-15
1.92949E-15
2.27851E-15
2.75350E-15
2.59088E-15
2.80962E-15
3.16026E-15
3.57832E-15
3.45544E-15
3.42496E-15
3.75474E-15
3.15949E-15
3.91888E-15
3.37928E-15
4.17344E-15
3.70231E-15
3.75246E-15
3.26607E-15
4.07901E-14
2.36743E-15
4.90847E-15
3.10532E-15
2.89942E-15
4.06762E-15
3.16545E-15
6.52774E-15
2.96946E-15
3.07038E-15
2.77406E-15
2.72632E-15
2.85547E-15
3.54381E-15
3.05037E-15
7.89367E-15
2.29226E-15
4.21967E-15
7.02960E-15
1.78535E-15
2.36050E-15
2.36679E-15
4.67391E-15
2.36172E-15
2.38381E-15
1.94320E-15
1.30340E-15
2.86456E-15
8.61864E-15
3.79485E-15
9.13233E-16
1.45098E-15
8.66020E-16
1.31246E-15
8.88619E-16
1.13391E-15
2.32435E-15
3.14474E-15
6.63558E-16
8.79995E-16
3.37558E-15
1.01346E-15
1.00230E-15
1.23639E-15
1.15936E-15
9.91952E-16
1.11277E-15
9.82971E-16
2.92968E-15
8.96902E-16
1.33984E-15
8.84317E-16
3.36402E-16
3.30948E-16
3.98562E-16
4.72054E-16
2.70190E-16
4.95881E-16
4.46844E-16
2.79737E-16
1.83372E-14
4.99937E-16
4.35595E-15
4.72270E-16
5.41586E-16
4.52506E-16
7.42875E-16
4.61139E-15
1.77758E-15
2.85233E-15
4.46536E-15
7.79652E-15
2.32667E-14
8.27919E-15
2.38812E-15
2.18652E-16
2.28339E-17
1.27361E-18
2.24972E-20
0.00000E+00
0.00000E+00
0.00000E+00
0.00000E+00
0.00000E+00
0.00000E+00
0.00000E+00
0.00000E+00
0.00000E+00
0.00000E+00
0.00000E+00
0.00000E+00
0.00000E+00
0.00000E+00
0.00000E+00
0.00000E+00
0.00000E+00
0.00000E+00
0.00000E+00
0.00000E+00
0.00000E+00
0.00000E+00
0.00000E+00
0.00000E+00
0.00000E+00
0.00000E+00
0.00000E+00
0.00000E+00
0.00000E+00
0.00000E+00
0.00000E+00
0.00000E+00
0.00000E+00
0.00000E+00
0.00000E+00
0.00000E+00
0.00000E+00
0.00000E+00
0.00000E+00
0.00000E+00
0.00000E+00
0.00000E+00
0.00000E+00
0.00000E+00
0.00000E+00
0.00000E+00
0.00000E+00
0.00000E+00
0.00000E+00
0.00000E+00
0.00000E+00
0.00000E+00
0.00000E+00
0.00000E+00
0.00000E+00
0.00000E+00
0.00000E+00
0.00000E+00
0.00000E+00
0.00000E+00
0.00000E+00
0.00000E+00
0.00000E+00
0.00000E+00
0.00000E+00
0.00000E+00
0.00000E+00
0.00000E+00
0.00000E+00
0.00000E+00
0.00000E+00
0.00000E+00
0.00000E+00
0.00000E+00
0.00000E+00
0.00000E+00
0.00000E+00
0.00000E+00
0.00000E+00
0.00000E+00
0.00000E+00

cell4
0.00000E+00
0.00000E+00
0.00000E+00
0.00000E+00
0.00000E+00
0.00000E+00
0.00000E+00
0.00000E+00
0.00000E+00
0.00000E+00
0.00000E+00
3.13852E-26
0.00000E+00
0.00000E+00
0.00000E+00
0.00000E+00
0.00000E+00
0.00000E+00
0.00000E+00
0.00000E+00
0.00000E+00
0.00000E+00
4.62632E-25
0.00000E+00
0.00000E+00
5.44043E-26
0.00000E+00
8.04304E-26
0.00000E+00
0.00000E+00
0.00000E+00
0.00000E+00
0.00000E+00
0.00000E+00
1.48097E-24
1.81408E-25
3.60263E-25
0.00000E+00
0.00000E+00
2.01811E-26
0.00000E+00
2.32781E-26
7.32411E-26
0.00000E+00
2.97366E-25
4.40652E-26
0.00000E+00
2.74111E-25
3.90225E-25
2.72153E-26
1.37823E-25
0.00000E+00
0.00000E+00
7.29782E-25
0.00000E+00
2.33939E-25
0.00000E+00
0.00000E+00
5.61622E-25
0.00000E+00
6.13823E-25
0.00000E+00
8.20126E-27
8.87913E-26
1.83547E-24
3.63974E-26
1.40154E-24
1.82296E-24
1.41236E-25
2.40824E-24
3.09152E-24
4.24550E-26
6.56916E-24
2.13300E-25
3.54284E-24
2.09397E-24
1.03498E-22
1.34392E-23
6.04086E-25
9.59907E-25
2.90003E-24
2.83034E-22
4.52742E-23
2.25741E-23
3.70410E-23
4.00555E-23
2.62753E-23
1.59111E-23
1.08423E-23
1.47705E-22
6.33899E-23
2.06226E-23
5.20998E-23
1.18176E-22
3.44810E-23
1.59373E-22
1.56831E-22
1.70165E-22
6.74503E-22
2.01071E-22
2.43174E-22
4.41897E-22
5.53854E-22
1.41319E-22
7.63582E-22
4.47208E-22
7.07571E-21
6.27117E-22
1.69724E-21
8.04394E-22
4.13728E-22
7.20555E-21
6.22155E-22
4.00354E-21
5.09759E-21
3.82749E-21
2.27327E-21
1.66306E-21
6.82616E-21
2.52232E-21
4.28699E-21
2.10601E-21
7.90708E-21
4.62917E-21
4.33500E-21
2.01739E-20
4.11611E-19
6.77352E-21
9.81643E-21
6.49787E-21
2.21399E-20
2.51153E-19
1.47247E-19
1.70971E-20
3.48387E-20
3.49972E-20
7.27884E-20
1.28611E-19
3.14924E-19
1.01401E-19
1.24671E-19
1.05451E-19
1.05495E-19
1.20536E-19
1.96306E-19
1.55526E-19
1.15393E-19
1.58651E-19
3.53639E-19
5.64296E-19
2.67886E-19
2.48874E-19
3.23529E-19
6.08972E-19
6.02500E-19
2.29969E-19
3.77843E-19
5.08001E-19
7.12504E-19
2.78183E-18
8.51158E-19
9.74548E-19
5.35096E-19
2.70516E-18
1.10821E-18
2.23046E-18
1.44887E-18
1.60693E-18
1.34540E-18
2.30632E-18
1.33382E-18
1.71367E-18
1.20696E-18
1.13029E-17
5.07628E-17
2.71658E-18
1.85210E-18
1.88843E-18
4.04196E-18
3.77631E-18
1.34015E-17
1.26648E-17
4.13490E-17
1.82632E-17
4.66298E-17
4.19135E-18
8.70708E-18
1.68538E-17
1.57341E-17
4.40573E-18
7.89403E-18
1.19598E-17
8.96974E-18
4.55352E-18
1.76669E-17
7.93991E-18
8.04256E-18
7.73533E-18
9.00136E-18
4.08742E-17
8.43503E-18
2.83266E-17
1.68194E-17
5.45723E-18
5.24458E-18
2.28077E-17
5.25368E-18
4.02890E-18
5.63725E-18
4.77735E-18
5.27475E-18
5.45692E-18
6.16308E-18
3.63830E-18
4.88210E-18
2.87769E-18
6.88949E-18
2.40048E-18
3.85932E-18
9.30240E-18
3.11721E-18
5.95480E-18
6.27315E-18
4.02293E-18
5.24003E-18
5.47810E-18
3.88427E-18
6.00425E-18
5.76854E-18
5.85885E-18
1.12101E-16
1.12993E-17
2.01513E-16
1.31235E-17
1.96029E-17
1.00169E-17
1.38618E-17
2.12432E-17
1.22499E-17
1.62854E-17
1.37751E-17
1.35603E-17
1.72601E-17
1.99543E-17
1.99469E-17
1.83070E-17
1.58663E-17
2.18869E-17
2.09841E-17
2.87241E-17
1.50735E-17
1.70657E-17
1.04128E-17
1.93309E-17
1.58581E-17
1.57490E-17
1.35003E-17
1.32556E-17
1.42171E-17
2.02131E-17
1.21521E-17
1.14042E-17
1.54890E-17
1.39110E-17
1.58045E-17
2.40750E-17
1.89458E-17
2.58897E-17
2.87418E-17
2.79776E-17
6.60810E-17
3.26732E-17
4.75289E-17
2.64414E-17
2.04414E-17
2.46518E-17
2.60318E-17
3.94664E-17
5.62851E-17
2.95680E-17
3.04525E-17
3.57071E-17
3.07322E-17
2.84299E-17
2.21546E-17
3.77445E-17
2.92795E-17
2.30607E-17
2.42502E-17
3.17973E-17
3.13673E-17
3.53192E-17
3.95620E-17
4.19501E-17
5.23482E-17
3.33519E-17
2.98676E-17
3.79385E-17
3.30284E-17
3.49293E-17
5.88395E-17
6.22770E-17
8.74631E-17
4.35599E-17
6.94742E-17
1.13561E-16
5.09809E-17
5.96933E-17
6.84861E-17
5.89143E-17
8.86885E-17
2.08557E-16
1.18003E-16
8.86486E-17
3.70386E-17
4.53666E-17
5.51292E-17
4.32296E-17
4.40936E-17
6.11983E-17
4.22897E-17
5.46086E-17
5.55846E-17
4.55830E-17
4.36893E-17
4.73804E-17
5.36267E-17
3.81276E-17
5.96425E-17
6.50851E-17
4.21566E-17
4.97610E-17
5.34201E-17
4.54107E-17
6.14485E-17
4.85284E-17
7.50713E-17
6.48985E-17
5.99148E-17
6.06386E-17
5.71230E-17
9.32710E-17
9.11323E-17
5.22535E-17
4.84462E-17
4.91519E-17
3.69854E-17
5.39993E-17
6.16712E-17
7.72228E-17
8.30010E-17
3.82332E-17
4.20195E-17
4.54033E-17
4.04086E-17
4.78671E-17
3.56064E-17
3.49426E-17
5.90150E-17
9.63201E-17
4.81676E-17
9.00301E-17
6.24113E-17
8.82185E-17
1.52626E-16
5.21184E-17
4.39196E-17
7.13032E-17
4.39826E-17
2.52957E-16
2.70243E-16
1.01226E-16
1.28923E-16
4.45475E-17
9.95886E-17
6.39350E-17
2.68946E-17
1.97644E-17
4.05213E-17
7.02988E-17
1.01164E-16
1.02250E-16
1.03013E-16
1.15380E-16
2.51577E-16
1.56853E-16
1.09760E-16
1.46518E-16
1.32084E-16
3.22313E-16
1.08878E-16
1.21450E-16
3.02151E-16
1.34483E-16
1.37949E-16
2.12534E-16
1.72080E-16
1.94401E-16
1.72309E-16
1.08019E-16
1.32928E-16
1.59282E-16
2.75390E-16
1.06925E-16
1.82997E-16
2.43035E-16
1.78196E-16
1.18603E-16
3.03941E-16
1.45501E-16
1.38795E-16
7.65163E-17
1.82401E-16
1.24598E-16
1.39977E-16
7.11066E-17
2.04284E-16
6.89202E-17
6.20762E-17
4.02341E-17
4.81017E-17
7.58654E-17
7.23625E-17
8.39545E-17
6.89919E-17
1.09965E-16
9.05607E-17
8.40002E-17
9.86037E-17
8.88855E-17
9.54127E-17
4.09199E-17
6.77689E-17
6.18630E-17
6.29646E-17
1.07539E-16
9.41932E-17
7.96267E-17
4.12572E-17
5.86714E-17
4.27554E-17
3.94512E-17
6.10790E-17
3.70870E-17
5.47858E-17
2.64121E-17
4.28216E-17
7.92104E-17
3.09424E-17
7.17618E-17
5.19700E-17
6.23136E-17
6.53653E-17
1.03958E-16
5.71683E-17
5.77427E-17
7.09244E-17
6.70612E-17
6.02166E-17
5.62995E-17
3.75283E-17
4.84735E-17
7.24791E-17
1.01112E-16
1.00518E-16
1.13379E-16
1.66509E-16
1.97552E-16
2.43905E-16
1.79833E-16
3.30811E-16
1.91165E-16
5.60870E-17
1.49782E-17
1.89185E-17
5.90080E-17
2.07476E-16
9.42223E-17
1.74782E-16
2.53503E-16
1.10447E-16
1.22829E-16
1.32906E-16
1.95398E-16
1.06119E-16
1.20759E-16
4.89236E-17
8.92171E-17
1.17275E-16
1.61875E-16
1.30882E-16
9.66556E-17
1.03387E-16
2.77613E-16
2.25807E-16
2.33343E-16
2.63159E-16
5.17426E-17
6.24359E-17
1.08637E-16
4.74496E-17
9.79537E-17
1.27584E-16
1.04964E-16
1.50084E-16
1.80827E-16
2.86797E-16
3.97215E-16
1.26828E-16
8.51818E-17
1.50487E-16
1.79664E-16
1.49483E-16
2.23603E-16
1.27950E-16
1.33835E-16
2.20928E-16
1.03182E-15
1.28857E-16
3.75257E-16
5.98200E-16
1.96848E-16
4.79481E-16
4.07590E-16
2.92958E-16
7.84405E-16
1.68177E-16
3.76186E-16
5.57908E-16
1.70700E-15
3.03113E-16
1.52952E-16
1.03567E-16
3.16917E-16
3.36889E-16
5.86121E-16
4.50535E-16
3.68417E-16
7.27221E-17
5.30408E-17
5.44000E-17
4.97586E-17
4.50928E-17
9.25121E-17
5.11673E-17
5.29458E-17
8.52979E-17
1.37149E-16
1.22782E-16
2.48370E-17
3.61542E-17
1.30482E-16
1.52807E-17
3.58230E-17
8.43976E-17
1.56457E-17
2.16711E-17
8.38126E-18
1.21720E-17
1.15049E-17
8.67929E-18
4.49771E-18
4.24839E-18
4.54798E-18
5.47193E-18
3.06241E-18
2.46591E-18
4.00711E-18
3.64099E-18
9.09240E-19
2.75343E-18
7.44133E-19
8.14012E-19
1.64144E-18
1.36895E-17
1.31669E-18
1.08667E-18
6.88725E-19
7.12343E-19
1.94886E-18
4.13223E-18
6.89496E-19
3.39600E-19
6.48343E-19
1.42609E-19
6.75108E-19
1.03979E-18
1.73791E-19
2.03864E-19
1.07709E-18
2.38472E-18
3.67346E-19
2.25250E-18
5.51799E-19
8.75479E-20
1.83382E-19
9.93917E-20
3.27614E-19
1.67947E-19
7.34054E-20
1.51203E-19
1.18744E-19
1.19806E-19
8.88996E-20
2.62492E-20
1.89893E-19
2.60043E-20
2.19819E-19
6.22621E-20
7.47883E-20
5.40878E-19
8.56865E-18
2.47768E-19
5.29046E-18
1.48687E-19
8.70370E-19
8.00297E-19
2.44916E-17
1.08382E-16
2.43184E-18
1.81034E-17
6.65587E-17
4.98124E-18
5.87134E-19
5.36622E-19
2.86479E-20
0.00000E+00
0.00000E+00
0.00000E+00
0.00000E+00
0.00000E+00
0.00000E+00
0.00000E+00
0.00000E+00
0.00000E+00
0.00000E+00
0.00000E+00
0.00000E+00
0.00000E+00
0.00000E+00
0.00000E+00
0.00000E+00
0.00000E+00
0.00000E+00
0.00000E+00
0.00000E+00
0.00000E+00
0.00000E+00
0.00000E+00
0.00000E+00
0.00000E+00
0.00000E+00
0.00000E+00
0.00000E+00
0.00000E+00
0.00000E+00
0.00000E+00
0.00000E+00
0.00000E+00
0.00000E+00
0.00000E+00
0.00000E+00
0.00000E+00
0.00000E+00
0.00000E+00
0.00000E+00
0.00000E+00
0.00000E+00
0.00000E+00
0.00000E+00
0.00000E+00
0.00000E+00
0.00000E+00
0.00000E+00
0.00000E+00
0.00000E+00
0.00000E+00
0.00000E+00
0.00000E+00
0.00000E+00
0.00000E+00
0.00000E+00
0.00000E+00
0.00000E+00
0.00000E+00
0.00000E+00
0.00000E+00
0.00000E+00
0.00000E+00
0.00000E+00
0.00000E+00
0.00000E+00
0.00000E+00
0.00000E+00
0.00000E+00
0.00000E+00
0.00000E+00
0.00000E+00
0.00000E+00
0.00000E+00
0.00000E+00
0.00000E+00
0.00000E+00
0.00000E+00
0.00000E+00
0.00000E+00
0.00000E+00
0.00000E+00
0.00000E+00

cell5
0.00000E+00
2.70870E-17
0.00000E+00
5.11035E-17
2.50764E-17
2.13980E-17
1.36684E-16
2.21224E-16
3.24540E-17
9.38271E-17
1.07759E-17
3.89324E-17
1.66733E-16
4.56988E-17
1.42476E-16
2.68489E-16
1.52791E-16
2.11871E-16
1.95384E-16
8.11251E-16
4.84559E-16
6.40054E-16
7.98100E-16
4.62370E-16
3.68194E-16
4.65574E-16
8.10118E-16
1.78437E-15
1.38065E-15
1.15327E-15
1.20518E-15
1.25553E-15
1.09796E-15
2.44255E-15
1.84481E-15
1.40529E-15
3.64460E-15
3.01204E-15
2.55409E-15
2.69682E-15
1.94499E-15
2.43844E-15
5.78834E-15
4.26664E-15
3.90302E-15
3.87455E-15
6.45333E-15
3.26274E-15
4.16496E-15
6.47889E-15
5.85746E-15
4.83064E-15
8.06447E-15
9.59741E-15
7.85683E-15
8.01529E-15
1.34827E-14
1.69346E-14
1.86966E-14
1.89422E-14
1.83487E-14
1.85013E-14
1.78565E-14
2.52170E-14
2.11489E-14
2.60193E-14
3.60595E-14
3.09719E-14
4.19325E-14
4.18420E-14
4.97329E-14
5.04579E-14
5.26061E-14
5.34244E-14
7.18669E-14
5.71397E-14
7.20843E-14
8.45975E-14
9.40835E-14
1.05365E-13
1.06824E-13
1.19712E-13
1.31676E-13
1.53219E-13
1.63205E-13
1.79859E-13
2.08081E-13
1.81881E-13
2.31928E-13
2.57015E-13
2.81519E-13
2.95001E-13
3.49851E-13
3.53143E-13
3.52489E-13
4.35030E-13
4.87419E-13
5.05161E-13
5.86372E-13
6.84528E-13
6.87960E-13
8.08533E-13
8.80273E-13
9.05060E-13
1.02235E-12
1.07089E-12
1.19032E-12
1.25352E-12
1.40564E-12
1.60616E-12
1.62684E-12
1.89045E-12
2.01120E-12
2.18781E-12
2.36631E-12
2.59505E-12
2.97457E-12
3.13494E-12
3.43971E-12
3.68215E-12
4.13800E-12
4.57547E-12
4.94544E-12
5.61638E-12
5.86613E-12
6.36404E-12
7.01565E-12
7.55519E-12
8.12056E-12
9.16981E-12
9.60662E-12
1.08643E-11
1.16694E-11
1.28046E-11
1.39983E-11
1.53455E-11
1.66070E-11
1.77838E-11
1.90898E-11
2.13514E-11
2.30780E-11
2.45949E-11
2.70684E-11
2.92745E-11
3.19950E-11
3.44754E-11
3.65435E-11
4.00611E-11
4.41090E-11
4.70672E-11
5.05553E-11
5.42749E-11
6.02459E-11
6.35216E-11
6.85582E-11
7.35258E-11
8.38079E-11
8.39969E-11
9.03312E-11
9.71543E-11
1.04295E-10
1.11386E-10
1.19106E-10
1.26540E-10
1.35224E-10
1.42278E-10
1.52358E-10
1.62341E-10
1.70780E-10
1.81775E-10
1.91260E-10
2.00736E-10
2.12558E-10
2.21504E-10
2.33508E-10
2.43252E-10
2.53196E-10
2.62754E-10
2.73363E-10
2.84260E-10
2.93641E-10
3.02396E-10
3.10610E-10
3.18558E-10
3.24439E-10
3.31820E-10
3.38493E-10
3.38014E-10
3.46292E-10
3.44872E-10
3.47045E-10
3.49206E-10
3.45135E-10
3.43521E-10
3.38555E-10
3.34417E-10
3.27961E-10
3.19157E-10
3.12229E-10
3.03441E-10
2.92836E-10
2.83231E-10
2.74330E-10
2.62355E-10
2.53431E-10
2.42961E-10
2.32660E-10
2.23710E-10
2.14870E-10
2.02768E-10
1.96441E-10
1.90059E-10
1.82273E-10
1.76169E-10
1.72872E-10
1.68372E-10
1.63094E-10
1.60377E-10
1.56921E-10
1.55142E-10
1.53312E-10
1.52330E-10
1.51392E-10
1.49569E-10
1.49696E-10
1.49539E-10
1.47285E-10
1.49353E-10
1.48598E-10
1.48729E-10
1.50210E-10
1.47596E-10
1.49494E-10
1.50079E-10
1.50009E-10
1.48754E-10
1.49930E-10
1.51013E-10
1.49837E-10
1.49329E-10
1.51186E-10
1.51235E-10
1.48879E-10
1.51250E-10
1.52043E-10
1.50428E-10
1.51411E-10
1.51479E-10
1.51866E-10
1.53322E-10
1.57574E-10
1.57413E-10
1.53552E-10
1.52694E-10
1.54452E-10
1.54385E-10
1.54880E-10
1.53599E-10
1.54066E-10
1.55819E-10
1.57049E-10
1.56408E-10
1.55373E-10
1.56792E-10
1.56609E-10
1.56043E-10
1.56134E-10
1.58685E-10
1.59222E-10
1.57893E-10
1.58163E-10
1.58177E-10
1.58541E-10
1.56895E-10
1.58943E-10
1.58813E-10
1.58985E-10
1.57967E-10
1.56658E-10
1.55671E-10
1.49801E-10
1.28522E-10
1.36027E-10
1.62279E-10
1.66861E-10
1.66668E-10
1.67348E-10
1.69115E-10
1.67597E-10
1.69077E-10
1.68059E-10
1.68763E-10
1.66986E-10
1.66860E-10
1.63019E-10
1.65439E-10
1.71232E-10
1.71927E-10
1.73422E-10
1.72126E-10
1.76961E-10
1.70247E-10
1.74135E-10
1.74295E-10
1.72967E-10
1.74437E-10
1.75652E-10
1.74506E-10
1.78950E-10
1.75212E-10
1.74036E-10
1.76439E-10
1.80216E-10
1.85581E-10
1.32646E-10
1.40704E-10
1.71397E-10
1.53500E-10
1.79290E-10
1.81861E-10
1.81261E-10
1.80757E-10
1.73152E-10
1.86359E-10
1.88055E-10
1.86587E-10
1.87097E-10
1.88355E-10
1.86454E-10
1.86807E-10
1.84613E-10
1.86247E-10
1.89428E-10
1.90237E-10
1.74958E-10
1.85961E-10
1.93232E-10
1.90621E-10
1.92988E-10
1.91897E-10
1.90500E-10
1.90038E-10
1.92599E-10
1.93212E-10
1.92850E-10
1.89388E-10
1.91984E-10
1.93680E-10
1.90408E-10
1.92158E-10
1.92316E-10
1.87137E-10
1.92983E-10
1.92561E-10
1.89103E-10
1.94801E-10
1.94644E-10
1.92461E-10
1.93786E-10
1.96691E-10
1.91268E-10
1.92886E-10
1.95282E-10
2.01968E-10
1.80814E-10
1.95060E-10
1.95551E-10
1.96965E-10
1.92971E-10
1.97038E-10
1.94246E-10
1.94728E-10
2.02834E-10
2.06262E-10
2.16550E-10
2.24916E-10
1.95453E-10
1.42786E-10
1.67396E-10
1.86893E-10
1.94197E-10
1.95624E-10
1.92467E-10
1.94845E-10
1.98203E-10
1.95152E-10
1.97046E-10
1.99813E-10
2.01989E-10
1.95877E-10
1.97181E-10
2.00023E-10
1.97289E-10
1.99986E-10
1.97192E-10
2.02380E-10
1.93220E-10
1.98809E-10
2.03067E-10
2.03643E-10
1.97523E-10
2.07373E-10
1.94477E-10
1.80178E-10
1.87577E-10
2.00970E-10
1.98861E-10
2.03833E-10
1.97419E-10
2.04193E-10
1.97341E-10
2.00012E-10
2.03844E-10
2.04005E-10
2.11930E-10
2.05271E-10
1.98085E-10
2.02395E-10
2.04538E-10
1.92879E-10
1.92350E-10
1.92227E-10
1.95253E-10
1.99948E-10
2.06461E-10
1.99612E-10
2.01938E-10
2.07745E-10
2.09933E-10
2.17636E-10
1.91099E-10
1.92514E-10
1.96776E-10
1.97422E-10
2.04343E-10
2.04522E-10
2.15534E-10
2.12715E-10
2.09090E-10
2.18061E-10
2.07356E-10
2.04615E-10
2.32129E-10
2.32168E-10
2.02940E-10
1.61866E-10
1.53817E-10
1.67809E-10
1.80422E-10
1.88274E-10
1.98032E-10
1.99502E-10
2.02029E-10
2.01534E-10
2.08882E-10
2.09190E-10
2.09874E-10
2.03900E-10
2.08966E-10
2.09828E-10
2.12757E-10
2.12411E-10
2.15156E-10
2.10728E-10
2.15199E-10
2.18980E-10
2.19994E-10
2.14537E-10
2.21818E-10
2.24660E-10
2.82517E-10
4.14708E-10
2.63453E-10
8.88770E-11
1.39682E-10
1.80748E-10
2.02787E-10
2.10567E-10
2.17690E-10
2.21539E-10
2.28956E-10
2.32832E-10
2.29493E-10
2.39876E-10
2.52310E-10
2.65274E-10
2.26018E-10
2.23790E-10
2.39483E-10
2.43953E-10
2.52004E-10
2.56465E-10
2.68449E-10
3.22089E-10
2.26984E-10
2.75238E-10
3.76747E-10
1.96015E-10
2.70501E-10
2.87135E-10
2.59334E-10
2.74392E-10
2.95424E-10
2.91937E-10
3.04687E-10
3.22913E-10
3.17487E-10
4.28188E-10
2.74903E-10
2.80384E-10
3.14432E-10
3.64738E-10
3.27076E-10
3.99838E-10
3.82502E-10
2.96878E-10
3.35055E-10
3.99210E-10
3.46243E-10
3.83277E-10
3.82442E-10
3.99751E-10
4.78899E-10
3.53484E-10
4.59618E-10
5.77193E-10
3.86982E-10
4.82328E-10
5.05004E-10
4.86394E-10
3.95919E-10
3.85849E-10
3.50681E-10
3.85746E-10
4.73601E-10
5.20688E-10
5.01055E-10
5.13266E-10
5.70112E-10
5.63120E-10
5.89840E-10
6.23613E-10
5.52426E-10
6.15714E-10
5.29113E-10
5.29310E-10
5.42292E-10
5.02803E-10
4.66063E-10
4.50262E-10
3.67621E-10
3.49560E-10
3.83649E-10
4.20166E-10
4.52687E-10
4.03126E-10
3.63066E-10
3.67072E-10
3.63848E-10
3.53128E-10
3.28308E-10
3.20478E-10
3.30474E-10
3.23294E-10
2.79077E-10
2.61966E-10
2.59029E-10
2.61423E-10
2.63656E-10
2.67282E-10
2.33489E-10
2.17605E-10
2.20472E-10
1.99520E-10
1.90690E-10
1.77006E-10
1.62785E-10
1.50097E-10
1.39935E-10
1.27242E-10
1.26340E-10
1.23864E-10
1.15396E-10
1.12965E-10
1.12983E-10
1.09272E-10
1.04029E-10
1.03346E-10
9.78758E-11
9.89965E-11
1.00615E-10
1.01147E-10
1.01688E-10
9.72571E-11
9.63808E-11
9.35733E-11
9.20649E-11
8.98159E-11
9.45578E-11
9.24619E-11
8.55529E-11
3.56104E-11
3.49318E-11
3.73694E-11
3.93896E-11
3.99324E-11
3.80588E-11
3.73409E-11
3.71464E-11
4.00106E-11
4.63415E-11
5.52813E-11
6.21889E-11
7.34116E-11
7.69962E-11
8.83452E-11
1.09595E-10
1.55355E-10
2.89258E-10
5.56283E-10
8.44398E-10
9.19349E-10
6.62039E-10
3.14407E-10
1.00253E-10
3.02588E-11
2.89269E-12
1.24565E-13
9.57120E-15
2.92523E-16
0.00000E+00
0.00000E+00
0.00000E+00
0.00000E+00
0.00000E+00
0.00000E+00
0.00000E+00
0.00000E+00
0.00000E+00
0.00000E+00
0.00000E+00
0.00000E+00
0.00000E+00
0.00000E+00
0.00000E+00
0.00000E+00
0.00000E+00
0.00000E+00
0.00000E+00
0.00000E+00
0.00000E+00
0.00000E+00
0.00000E+00
0.00000E+00
0.00000E+00
0.00000E+00
0.00000E+00
0.00000E+00
0.00000E+00
0.00000E+00
0.00000E+00
0.00000E+00
0.00000E+00
0.00000E+00
0.00000E+00
0.00000E+00
0.00000E+00
0.00000E+00
0.00000E+00
0.00000E+00
0.00000E+00
0.00000E+00
0.00000E+00
0.00000E+00
0.00000E+00
0.00000E+00
0.00000E+00
0.00000E+00
0.00000E+00
0.00000E+00
0.00000E+00
0.00000E+00
0.00000E+00
0.00000E+00
0.00000E+00
0.00000E+00
0.00000E+00
0.00000E+00
0.00000E+00
0.00000E+00
0.00000E+00
0.00000E+00
0.00000E+00
0.00000E+00
0.00000E+00
0.00000E+00
0.00000E+00
0.00000E+00
0.00000E+00
0.00000E+00
0.00000E+00
0.00000E+00
0.00000E+00
0.00000E+00
0.00000E+00
0.00000E+00
0.00000E+00
0.00000E+00
0.00000E+00

cell6
0.00000E+00
0.00000E+00
5.40167E-19
3.41920E-20
1.78708E-20
3.88477E-20
2.70034E-19
1.20024E-20
4.51839E-19
1.23251E-19
5.10268E-19
1.57541E-18
8.00204E-19
7.70021E-19
3.71244E-19
1.03150E-18
7.59332E-19
3.48381E-18
2.31483E-18
1.30477E-18
1.06974E-18
1.58533E-18
2.55219E-18
4.10827E-18
1.66915E-18
1.32633E-18
3.14256E-18
5.71648E-18
6.51491E-18
4.65308E-18
2.96478E-18
5.19398E-18
6.63894E-18
9.45105E-18
7.27531E-18
8.25389E-18
4.41553E-18
8.31929E-18
1.09890E-17
1.22613E-17
9.29175E-18
1.28872E-17
1.67731E-17
1.73242E-17
2.33445E-17
2.06525E-17
1.69990E-17
3.26886E-17
3.77212E-17
2.27942E-17
2.88987E-17
3.60177E-17
3.65418E-17
3.90459E-17
3.89630E-17
5.63587E-17
4.53997E-17
6.21020E-17
5.19780E-17
4.28078E-17
6.59407E-17
9.42830E-17
9.98476E-17
9.86466E-17
1.29586E-16
1.09797E-16
1.34517E-16
1.40176E-16
1.45913E-16
1.62270E-16
2.10773E-16
3.03357E-16
2.52611E-16
2.64327E-16
3.02198E-16
4.06364E-16
3.29039E-16
3.88885E-16
4.40675E-16
4.54526E-16
5.44201E-16
5.38461E-16
6.27225E-16
6.66066E-16
7.50081E-16
7.87597E-16
8.80257E-16
1.00605E-15
1.06961E-15
1.13588E-15
1.25412E-15
1.41649E-15
1.60385E-15
1.93496E-15
1.99160E-15
2.28442E-15
2.42536E-15
2.73114E-15
2.79653E-15
3.28465E-15
3.89078E-15
4.09649E-15
4.60141E-15
4.58433E-15
5.92821E-15
5.65907E-15
6.47849E-15
7.01345E-15
7.50802E-15
8.54904E-15
9.54886E-15
1.04261E-14
1.13745E-14
1.24355E-14
1.40000E-14
1.52226E-14
1.64360E-14
1.89312E-14
2.12020E-14
2.24450E-14
2.47300E-14
2.79587E-14
3.01993E-14
3.40236E-14
3.67505E-14
4.09168E-14
4.50673E-14
4.96411E-14
6.07528E-14
5.99631E-14
6.70620E-14
7.35247E-14
8.07842E-14
8.88954E-14
9.69414E-14
1.05190E-13
1.15794E-13
1.30187E-13
1.46594E-13
1.54079E-13
1.72477E-13
1.88244E-13
2.09881E-13
2.28111E-13
2.49207E-13
2.72787E-13
2.99298E-13
3.31993E-13
3.60071E-13
4.02394E-13
4.31824E-13
4.72217E-13
5.14333E-13
5.67144E-13
6.13685E-13
6.72805E-13
7.31582E-13
7.97996E-13
8.66792E-13
9.45907E-13
1.01564E-12
1.09921E-12
1.18336E-12
1.28107E-12
1.39317E-12
1.48119E-12
1.59827E-12
1.72210E-12
1.84959E-12
1.98505E-12
2.10620E-12
2.24211E-12
2.37703E-12
2.53941E-12
2.70111E-12
2.82587E-12
2.99263E-12
3.13686E-12
3.30499E-12
3.45176E-12
3.60941E-12
3.74487E-12
3.89199E-12
4.00808E-12
4.15097E-12
4.25875E-12
4.40620E-12
4.46667E-12
4.54508E-12
4.53833E-12
4.59091E-12
4.58916E-12
4.59096E-12
4.54905E-12
4.48869E-12
4.44001E-12
4.37337E-12
4.24002E-12
4.08600E-12
3.94148E-12
3.78924E-12
3.65073E-12
3.45401E-12
3.29146E-12
3.07084E-12
2.90310E-12
2.74122E-12
2.54682E-12
2.37695E-12
2.25107E-12
2.09703E-12
1.96204E-12
1.85188E-12
1.74525E-12
1.64873E-12
1.58597E-12
1.50828E-12
1.55695E-12
1.43339E-12
1.41150E-12
1.40934E-12
1.38150E-12
1.42248E-12
1.37846E-12
1.39159E-12
1.36775E-12
1.37535E-12
1.39329E-12
1.39926E-12
1.42913E-12
1.41606E-12
1.43403E-12
1.43162E-12
1.45283E-12
1.46552E-12
1.47162E-12
1.47915E-12
1.59983E-12
1.52110E-12
1.52733E-12
1.56951E-12
1.57439E-12
1.56061E-12
1.56891E-12
1.62972E-12
1.60096E-12
1.64000E-12
1.62336E-12
1.61627E-12
1.61985E-12
1.67267E-12
1.67800E-12
1.67043E-12
1.65399E-12
1.66033E-12
1.69504E-12
1.70393E-12
1.69239E-12
1.71860E-12
1.70640E-12
1.73041E-12
1.73724E-12
1.74645E-12
1.76858E-12
1.75417E-12
1.73026E-12
1.75103E-12
1.73430E-12
1.72371E-12
1.71578E-12
1.69154E-12
1.68468E-12
1.67685E-12
1.63623E-12
1.65265E-12
1.60165E-12
1.54596E-12
1.53239E-12
1.42559E-12
1.35357E-12
1.25178E-12
1.04612E-12
1.33257E-12
1.94466E-12
2.00670E-12
2.02910E-12
2.00916E-12
2.02887E-12
2.03648E-12
2.06399E-12
2.09146E-12
2.02644E-12
2.07329E-12
2.03589E-12
2.07675E-12
2.07032E-12
2.44254E-12
2.43027E-12
2.09694E-12
2.16203E-12
2.26814E-12
2.10670E-12
2.18312E-12
2.15591E-12
2.08240E-12
2.06807E-12
2.02787E-12
2.07593E-12
2.00042E-12
1.94997E-12
1.92407E-12
1.88115E-12
1.78804E-12
1.69291E-12
9.73464E-13
1.35636E-12
1.94689E-12
1.80519E-12
2.29373E-12
2.27965E-12
2.30908E-12
2.27073E-12
2.20504E-12
2.46899E-12
2.48012E-12
2.45121E-12
2.44881E-12
2.45495E-12
2.45113E-12
2.47715E-12
2.42546E-12
2.49977E-12
2.47331E-12
2.54123E-12
2.39834E-12
2.61671E-12
2.67065E-12
2.68089E-12
2.66282E-12
2.66846E-12
2.69588E-12
2.67055E-12
2.68777E-12
2.68602E-12
2.80846E-12
2.89263E-12
2.65662E-12
2.76268E-12
2.79073E-12
2.75484E-12
2.76855E-12
2.75349E-12
3.01501E-12
2.67660E-12
2.67603E-12
3.05724E-12
2.88692E-12
2.93040E-12
3.20118E-12
2.87019E-12
2.84448E-12
2.86499E-12
3.30931E-12
3.02998E-12
2.55801E-12
2.78660E-12
2.79726E-12
2.81771E-12
2.84047E-12
2.84939E-12
2.89722E-12
2.89746E-12
3.02086E-12
2.97869E-12
2.86694E-12
2.60163E-12
1.88473E-12
1.23875E-12
1.82280E-12
2.33814E-12
2.59829E-12
2.66870E-12
2.70730E-12
2.74090E-12
2.78937E-12
2.78108E-12
2.79308E-12
2.79456E-12
2.80071E-12
2.80685E-12
2.82154E-12
2.80284E-12
2.76563E-12
2.82454E-12
2.77915E-12
2.86085E-12
2.77552E-12
2.82893E-12
2.80641E-12
2.83014E-12
2.75205E-12
2.75017E-12
2.35141E-12
2.38642E-12
2.73018E-12
3.03437E-12
3.03419E-12
3.04347E-12
3.03683E-12
3.11130E-12
3.05530E-12
3.09868E-12
3.29706E-12
3.22418E-12
3.25051E-12
3.24026E-12
3.19031E-12
3.04041E-12
2.72921E-12
2.41754E-12
2.45946E-12
2.75779E-12
2.93164E-12
3.06911E-12
3.19763E-12
3.27811E-12
3.30347E-12
3.34295E-12
3.34631E-12
3.20582E-12
2.61885E-12
2.50931E-12
2.69276E-12
2.91038E-12
3.15243E-12
3.28504E-12
3.42719E-12
3.32660E-12
2.88634E-12
3.03679E-12
2.51984E-12
2.43460E-12
2.58421E-12
2.18405E-12
1.62503E-12
1.20418E-12
1.24037E-12
1.52123E-12
1.79965E-12
2.15074E-12
2.45760E-12
2.54559E-12
2.57543E-12
2.63668E-12
2.70303E-12
2.66966E-12
2.75061E-12
2.82145E-12
2.79713E-12
2.78750E-12
2.84347E-12
2.78381E-12
2.90808E-12
2.89171E-12
3.08380E-12
3.17428E-12
3.16676E-12
3.33548E-12
3.76632E-12
4.48366E-12
9.02895E-12
9.24535E-12
2.19319E-12
4.76010E-13
1.04129E-12
1.72886E-12
2.12562E-12
2.43813E-12
2.69612E-12
2.82809E-12
3.12239E-12
3.12021E-12
3.21974E-12
3.64563E-12
3.92853E-12
3.66886E-12
2.43166E-12
2.62205E-12
3.37253E-12
3.44507E-12
3.54696E-12
3.69038E-12
4.33831E-12
5.31060E-12
2.90096E-12
3.78707E-12
8.24701E-12
1.82405E-12
3.51082E-12
3.63367E-12
2.75621E-12
3.33271E-12
3.82078E-12
3.94637E-12
4.52995E-12
4.94734E-12
5.70400E-12
8.90129E-12
3.21958E-12
2.98093E-12
4.14619E-12
5.36548E-12
5.15520E-12
6.28445E-12
6.00322E-12
2.99961E-12
4.03987E-12
5.80961E-12
4.65098E-12
5.13048E-12
5.24089E-12
5.56344E-12
8.52990E-12
4.16108E-12
7.45421E-12
1.14501E-11
4.19388E-12
7.07787E-12
9.09838E-12
8.19183E-12
4.54330E-12
4.67394E-12
5.13942E-12
5.55184E-12
7.05815E-12
7.28479E-12
6.41614E-12
6.93522E-12
8.31570E-12
7.88660E-12
8.28852E-12
9.08601E-12
6.28979E-12
7.91813E-12
5.56575E-12
4.78221E-12
5.76610E-12
5.00309E-12
4.42813E-12
4.50456E-12
3.40003E-12
3.16300E-12
3.21449E-12
3.72889E-12
3.90780E-12
3.02506E-12
2.58136E-12
2.69757E-12
2.53151E-12
2.17652E-12
2.03891E-12
1.99870E-12
2.03326E-12
1.90860E-12
1.52739E-12
1.35765E-12
1.26556E-12
1.33451E-12
1.54273E-12
1.41152E-12
9.89650E-13
9.36285E-13
9.32652E-13
8.74446E-13
8.35083E-13
6.78457E-13
6.33829E-13
5.93573E-13
6.91322E-13
5.83079E-13
4.94404E-13
4.18139E-13
4.69307E-13
4.31212E-13
4.06053E-13
3.53939E-13
3.32637E-13
3.28225E-13
4.78578E-13
3.10367E-13
3.12521E-13
2.88298E-13
4.50897E-13
3.03052E-13
2.82278E-13
2.84045E-13
2.78309E-13
4.43171E-13
2.86852E-13
2.93594E-13
2.63022E-13
9.83906E-14
1.07163E-13
1.07383E-13
9.65944E-14
1.16420E-13
1.17424E-13
1.09418E-13
1.16450E-13
1.17810E-13
1.22084E-13
1.48930E-13
1.93066E-13
2.04854E-13
2.46862E-13
3.31720E-13
4.02638E-13
5.35450E-13
9.57293E-13
1.80497E-12
2.70825E-12
3.06658E-12
2.11816E-12
1.02823E-12
3.36418E-13
7.43318E-14
7.90815E-15
1.92323E-16
0.00000E+00
0.00000E+00
0.00000E+00
0.00000E+00
0.00000E+00
0.00000E+00
0.00000E+00
0.00000E+00
0.00000E+00
0.00000E+00
0.00000E+00
0.00000E+00
0.00000E+00
0.00000E+00
0.00000E+00
0.00000E+00
0.00000E+00
0.00000E+00
0.00000E+00
0.00000E+00
0.00000E+00
0.00000E+00
0.00000E+00
0.00000E+00
0.00000E+00
0.00000E+00
0.00000E+00
0.00000E+00
0.00000E+00
0.00000E+00
0.00000E+00
0.00000E+00
0.00000E+00
0.00000E+00
0.00000E+00
0.00000E+00
0.00000E+00
0.00000E+00
0.00000E+00
0.00000E+00
0.00000E+00
0.00000E+00
0.00000E+00
0.00000E+00
0.00000E+00
0.00000E+00
0.00000E+00
0.00000E+00
0.00000E+00
0.00000E+00
0.00000E+00
0.00000E+00
0.00000E+00
0.00000E+00
0.00000E+00
0.00000E+00
0.00000E+00
0.00000E+00
0.00000E+00
0.00000E+00
0.00000E+00
0.00000E+00
0.00000E+00
0.00000E+00
0.00000E+00
0.00000E+00
0.00000E+00
0.00000E+00
0.00000E+00
0.00000E+00
0.00000E+00
0.00000E+00
0.00000E+00
0.00000E+00
0.00000E+00
0.00000E+00
0.00000E+00
0.00000E+00
0.00000E+00
0.00000E+00
0.00000E+00

cell7
0.00000E+00
3.98006E-23
1.45201E-23
4.29818E-23
3.81441E-22
2.18425E-22
9.18856E-23
2.48526E-22
4.14047E-21
7.30004E-22
1.34985E-22
4.13719E-22
2.79434E-22
5.51881E-22
3.89857E-22
2.18026E-22
1.14740E-22
4.29894E-22
8.39942E-22
3.67649E-22
1.45132E-21
1.54719E-21
5.94774E-22
6.31201E-22
7.27693E-22
6.60950E-22
1.09240E-21
7.34941E-22
2.11593E-21
4.58893E-21
1.72801E-21
5.94447E-21
1.57506E-21
1.31071E-21
6.83077E-21
1.43028E-20
4.79972E-21
4.00324E-20
1.65786E-20
5.96001E-21
1.12106E-20
3.91711E-21
4.73119E-21
1.40943E-20
6.00060E-21
1.09090E-20
5.42176E-21
7.10584E-21
7.48792E-21
2.22718E-20
8.62538E-21
3.25733E-20
4.21508E-20
1.34832E-20
1.66488E-20
5.20686E-20
7.11114E-20
3.31837E-20
5.11623E-20
2.86567E-20
3.11562E-20
5.66977E-20
1.54121E-19
4.59347E-20
7.56157E-20
4.02745E-19
7.64377E-20
1.67172E-19
3.57044E-19
1.47149E-19
1.16166E-19
1.22235E-19
1.71805E-19
1.27747E-19
2.07668E-19
1.49005E-19
6.10187E-19
1.09018E-18
2.12017E-19
2.72674E-19
2.44464E-19
1.12257E-18
3.75431E-19
4.88576E-19
4.79499E-19
7.76042E-19
9.93132E-19
8.22305E-19
6.43494E-19
1.49476E-18
1.26163E-18
1.10776E-18
7.05702E-19
1.28534E-18
1.11703E-18
1.80465E-18
2.86577E-18
6.66905E-18
2.63981E-18
2.25019E-18
2.79914E-18
3.43448E-17
3.62916E-18
8.78061E-18
2.80582E-18
4.02806E-18
5.25675E-18
3.34874E-18
1.05565E-17
9.05119E-18
9.66160E-18
8.88646E-18
1.03120E-17
8.12149E-18
1.08323E-17
1.05754E-17
1.83595E-17
1.80682E-17
1.08622E-17
2.02445E-17
1.46978E-17
1.26209E-17
1.45650E-17
1.70024E-17
2.20611E-17
2.60080E-17
2.80746E-17
3.76132E-17
4.03747E-17
4.06367E-17
1.21395E-16
3.93790E-17
5.55535E-17
5.88042E-17
5.06148E-17
1.03475E-16
7.27817E-17
8.45421E-17
9.28023E-17
1.00047E-16
1.16274E-16
9.53043E-17
1.78102E-16
1.14962E-16
1.37345E-16
1.45086E-16
1.81265E-16
1.85883E-16
1.72997E-16
3.74333E-16
2.02675E-16
2.51388E-16
2.51503E-16
4.12655E-16
3.06870E-16
3.17428E-16
3.27062E-16
3.73003E-16
4.83546E-16
4.37273E-16
4.57783E-16
7.23381E-16
5.70768E-16
5.55823E-16
6.09272E-16
9.14458E-16
7.68876E-16
7.55614E-16
7.04215E-16
9.18358E-16
8.73861E-16
9.61664E-16
1.04822E-15
1.02364E-15
1.11855E-15
5.96194E-15
1.13440E-15
1.29042E-15
1.69102E-15
1.55821E-15
1.48961E-15
1.43862E-15
1.45983E-15
1.57099E-15
1.58819E-15
1.71024E-15
2.13828E-15
1.77554E-15
1.76400E-15
2.11776E-15
1.80228E-15
2.07208E-15
1.77816E-15
1.88875E-15
1.71538E-15
1.99718E-15
1.64964E-15
2.10928E-15
1.84976E-15
1.76754E-15
1.77563E-15
1.51795E-15
1.43535E-15
1.42546E-15
6.74285E-15
8.84397E-15
3.39473E-15
1.79917E-15
1.14913E-15
1.46070E-14
2.96330E-15
2.74027E-15
4.95211E-15
5.21214E-15
1.32465E-15
5.29249E-15
1.09454E-15
1.44448E-15
9.75157E-16
1.53543E-15
1.36643E-15
1.24929E-15
1.43417E-15
1.02541E-15
8.42343E-16
1.03108E-15
8.25703E-16
4.66695E-15
1.32518E-15
1.01438E-15
9.29682E-16
8.87823E-16
9.37894E-16
9.04650E-16
9.62993E-16
8.52568E-16
1.00343E-15
9.83739E-16
8.74593E-16
1.23158E-15
3.80561E-15
1.16713E-14
5.64903E-15
1.06126E-15
1.10613E-15
1.09751E-15
1.78589E-15
1.37954E-15
1.26248E-15
9.03833E-16
8.56403E-16
9.03440E-16
9.23399E-16
8.61733E-16
9.55586E-16
8.40131E-16
2.37638E-15
3.97021E-15
9.46201E-16
8.83686E-16
1.58957E-15
1.02543E-15
1.30201E-15
1.54866E-15
1.19592E-15
1.09232E-15
1.10604E-15
1.07037E-15
1.12717E-15
1.08055E-15
8.44394E-16
8.35798E-16
1.13325E-15
1.02757E-15
4.64902E-15
1.25363E-15
1.25489E-15
1.04013E-15
1.23232E-15
1.09200E-15
1.03389E-15
1.10404E-15
1.03835E-15
1.16490E-15
1.05220E-15
1.26078E-15
1.11002E-15
1.42021E-15
1.00250E-15
9.93257E-16
1.04159E-15
1.01311E-15
1.05150E-15
9.33920E-16
9.46683E-16
1.17974E-15
1.05353E-15
9.17751E-16
1.06064E-15
9.06974E-16
1.22873E-15
9.38980E-16
1.38573E-14
1.42633E-15
9.96267E-16
1.02950E-15
1.10454E-15
9.13055E-16
1.20317E-15
1.34023E-15
1.00069E-15
1.00461E-15
1.00903E-15
1.00354E-15
1.00426E-15
1.12824E-15
1.10385E-15
1.23540E-15
1.19115E-15
9.64876E-16
1.08672E-15
9.93935E-16
9.90567E-16
9.48704E-16
9.36795E-16
1.11545E-15
9.35434E-16
1.36969E-15
1.25452E-15
1.37776E-15
9.81095E-16
1.35379E-15
1.50138E-15
9.30316E-16
1.12611E-15
1.95383E-15
1.11663E-15
1.11832E-15
1.19836E-15
8.94220E-16
1.14230E-15
9.56109E-16
1.14086E-15
1.11914E-15
9.21864E-16
1.02404E-15
1.01887E-15
1.00474E-15
9.56904E-16
1.02050E-15
2.41856E-15
1.02926E-15
9.71348E-16
1.10023E-15
1.07083E-15
9.79830E-16
9.08416E-16
7.96241E-16
9.47051E-16
1.25863E-15
1.06367E-15
1.35708E-15
1.14261E-15
1.46198E-15
1.11977E-15
1.20062E-15
9.84973E-16
1.20280E-15
1.40899E-15
1.04270E-15
1.66097E-15
1.00160E-15
3.34046E-15
1.21005E-15
1.26590E-15
1.08099E-15
6.84786E-16
3.66754E-16
5.59557E-16
8.64946E-16
9.67200E-16
9.14552E-16
9.22285E-16
1.07210E-15
9.43592E-16
9.25983E-16
1.11123E-15
1.27993E-15
1.53876E-15
1.49978E-15
1.29170E-15
3.10060E-15
1.05453E-15
2.53566E-15
1.18988E-15
1.02105E-15
9.31748E-16
1.02397E-15
1.02292E-15
1.38276E-15
9.85576E-16
1.00884E-15
8.35943E-16
7.86882E-16
9.39073E-16
1.15098E-15
9.94776E-16
1.40209E-15
1.12234E-15
5.06632E-15
6.04712E-15
1.37033E-15
1.06064E-15
1.07078E-15
1.08078E-15
1.32696E-15
1.27273E-15
3.42581E-15
9.76883E-16
7.79545E-16
7.87747E-16
8.46668E-16
9.51098E-16
1.01808E-15
1.09609E-15
1.08711E-15
1.05540E-15
9.89929E-16
9.96209E-16
1.19083E-15
9.89501E-16
1.01399E-15
1.13488E-15
1.00797E-15
1.15441E-15
1.15836E-15
1.20943E-15
1.02040E-15
1.13168E-15
1.12312E-15
1.68035E-15
1.14142E-15
1.14365E-15
1.49328E-15
1.33532E-15
8.12868E-16
8.69452E-16
9.86249E-16
1.21116E-15
1.04194E-15
1.42258E-15
1.89314E-15
1.26117E-15
1.08349E-15
1.21010E-15
1.11029E-15
1.41103E-15
2.51117E-15
6.88979E-15
4.51237E-15
1.25376E-15
1.09580E-15
1.66462E-14
9.11814E-16
1.21320E-15
3.38236E-15
6.79563E-15
1.37710E-15
1.39732E-15
1.07445E-15
1.57121E-15
2.33358E-15
1.39265E-15
4.99312E-16
7.86413E-16
9.39408E-16
1.03504E-15
5.20345E-15
1.03795E-15
1.41463E-15
1.36436E-15
8.89988E-15
1.46260E-15
1.94398E-15
2.00225E-15
1.62938E-15
1.02443E-15
3.16873E-15
1.23609E-15
4.64148E-15
5.80365E-15
1.16718E-15
1.46119E-15
7.26834E-15
2.45987E-14
1.68587E-15
1.79797E-15
1.10805E-15
1.60599E-15
1.95891E-15
1.20319E-15
1.70322E-15
1.58650E-15
1.37336E-15
1.64599E-15
1.95091E-15
1.80976E-15
2.52026E-15
1.39108E-15
1.45333E-15
2.02099E-15
1.64372E-15
1.68723E-15
1.95861E-15
2.15023E-15
1.88997E-15
2.01349E-15
2.12766E-15
3.79486E-14
2.42123E-15
2.42800E-15
2.14169E-15
4.34387E-15
4.26289E-15
3.21660E-15
4.20813E-15
5.84118E-15
4.66442E-15
2.11495E-14
2.70905E-15
2.90213E-15
2.11743E-15
1.92949E-15
2.27851E-15
2.75350E-15
2.59088E-15
2.80962E-15
3.16026E-15
3.57832E-15
3.45544E-15
3.42496E-15
3.75474E-15
3.15949E-15
3.91888E-15
3.37928E-15
4.17344E-15
3.70231E-15
3.75246E-15
3.26607E-15
4.07901E-14
2.36743E-15
4.90847E-15
3.10532E-15
2.89942E-15
4.06762E-15
3.16545E-15
6.52774E-15
2.96946E-15
3.07038E-15
2.77406E-15
2.72632E-15
2.85547E-15
3.54381E-15
3.05037E-15
7.89367E-15
2.29226E-15
4.21967E-15
7.02960E-15
1.78535E-15
2.36050E-15
2.36679E-15
4.67391E-15
2.36172E-15
2.38381E-15
1.94320E-15
1.30340E-15
2.86456E-15
8.61864E-15
3.79485E-15
9.13233E-16
1.45098E-15
8.66020E-16
1.31246E-15
8.88619E-16
1.13391E-15
2.32435E-15
3.14474E-15
6.63558E-16
8.79995E-16
3.37558E-15
1.01346E-15
1.00230E-15
1.23639E-15
1.15936E-15
9.91952E-16
1.11277E-15
9.82971E-16
2.92968E-15
8.96902E-16
1.33984E-15
8.84317E-16
3.36402E-16
3.30948E-16
3.98562E-16
4.72054E-16
2.70190E-16
4.95881E-16
4.46844E-16
2.79737E-16
1.83372E-14
4.99937E-16
4.35595E-15
4.72270E-16
5.41586E-16
4.52506E-16
7.42875E-16
4.61139E-15
1.77758E-15
2.85233E-15
4.46536E-15
7.79652E-15
2.32667E-14
8.27919E-15
2.38812E-15
2.18652E-16
2.28339E-17
1.27361E-18
2.24972E-20
0.00000E+00
0.00000E+00
0.00000E+00
0.00000E+00
0.00000E+00
0.00000E+00
0.00000E+00
0.00000E+00
0.00000E+00
0.00000E+00
0.00000E+00
0.00000E+00
0.00000E+00
0.00000E+00
0.00000E+00
0.00000E+00
0.00000E+00
0.00000E+00
0.00000E+00
0.00000E+00
0.00000E+00
0.00000E+00
0.00000E+00
0.00000E+00
0.00000E+00
0.00000E+00
0.00000E+00
0.00000E+00
0.00000E+00
0.00000E+00
0.00000E+00
0.00000E+00
0.00000E+00
0.00000E+00
0.00000E+00
0.00000E+00
0.00000E+00
0.00000E+00
0.00000E+00
0.00000E+00
0.00000E+00
0.00000E+00
0.00000E+00
0.00000E+00
0.00000E+00
0.00000E+00
0.00000E+00
0.00000E+00
0.00000E+00
0.00000E+00
0.00000E+00
0.00000E+00
0.00000E+00
0.00000E+00
0.00000E+00
0.00000E+00
0.00000E+00
0.00000E+00
0.00000E+00
0.00000E+00
0.00000E+00
0.00000E+00
0.00000E+00
0.00000E+00
0.00000E+00
0.00000E+00
0.00000E+00
0.00000E+00
0.00000E+00
0.00000E+00
0.00000E+00
0.00000E+00
0.00000E+00
0.00000E+00
0.00000E+00
0.00000E+00
0.00000E+00
0.00000E+00
0.00000E+00
0.00000E+00
0.00000E+00

cell8
0.00000E+00
0.00000E+00
0.00000E+00
0.00000E+00
0.00000E+00
0.00000E+00
0.00000E+00
0.00000E+00
0.00000E+00
0.00000E+00
0.00000E+00
0.00000E+00
0.00000E+00
0.00000E+00
0.00000E+00
0.00000E+00
0.00000E+00
0.00000E+00
0.00000E+00
0.00000E+00
0.00000E+00
0.00000E+00
0.00000E+00
0.00000E+00
0.00000E+00
0.00000E+00
0.00000E+00
0.00000E+00
0.00000E+00
0.00000E+00
0.00000E+00
0.00000E+00
0.00000E+00
0.00000E+00
0.00000E+00
0.00000E+00
0.00000E+00
0.00000E+00
0.00000E+00
0.00000E+00
0.00000E+00
0.00000E+00
0.00000E+00
0.00000E+00
0.00000E+00
0.00000E+00
0.00000E+00
0.00000E+00
0.00000E+00
0.00000E+00
0.00000E+00
0.00000E+00
6.82978E-15
0.00000E+00
0.00000E+00
0.00000E+00
0.00000E+00
0.00000E+00
0.00000E+00
0.00000E+00
0.00000E+00
0.00000E+00
0.00000E+00
0.00000E+00
0.00000E+00
0.00000E+00
2.26138E-16
0.00000E+00
0.00000E+00
0.00000E+00
2.28792E-16
0.00000E+00
0.00000E+00
8.84770E-16
0.00000E+00
2.80174E-15
1.27637E-15
1.93072E-16
1.52850E-18
8.21175E-15
1.75234E-15
0.00000E+00
3.64751E-15
2.04807E-15
0.00000E+00
1.18953E-15
1.14382E-15
1.17564E-15
7.99858E-15
3.32092E-15
7.43288E-15
9.56008E-15
1.24623E-14
1.21395E-14
1.39320E-14
6.85572E-15
2.06953E-15
3.52672E-14
9.62321E-15
8.22143E-15
2.20599E-14
1.16913E-14
1.78418E-14
1.96374E-14
3.82718E-14
1.06530E-14
3.43173E-14
4.38698E-14
3.84697E-14
6.73870E-14
4.16479E-14
6.32290E-14
5.79608E-14
8.12644E-14
1.03530E-13
6.98531E-14
7.74730E-14
9.85824E-14
1.60653E-13
1.04885E-13
1.87868E-13
1.87805E-13
2.20947E-13
1.94241E-13
2.86768E-13
3.07139E-13
3.39431E-13
3.32054E-13
4.01395E-13
4.36365E-13
4.31398E-13
5.00963E-13
5.15318E-13
5.96477E-13
7.01175E-13
7.53928E-13
7.82608E-13
8.98121E-13
1.08208E-12
1.16903E-12
1.33310E-12
1.40363E-12
1.54029E-12
1.67362E-12
1.79341E-12
1.90713E-12
2.23061E-12
2.27180E-12
2.55781E-12
2.81579E-12
2.99604E-12
3.55687E-12
3.71949E-12
4.09957E-12
4.40150E-12
4.87414E-12
5.31677E-12
5.68048E-12
6.03386E-12
6.43076E-12
7.40373E-12
7.77995E-12
8.95759E-12
9.54453E-12
9.75331E-12
1.08045E-11
1.12535E-11
1.23374E-11
1.37208E-11
1.45793E-11
1.54688E-11
1.57693E-11
1.77512E-11
1.85080E-11
1.98513E-11
2.10643E-11
2.17345E-11
2.31228E-11
2.48595E-11
2.63374E-11
2.80382E-11
2.77591E-11
2.99234E-11
3.14521E-11
3.31670E-11
3.48173E-11
3.68210E-11
3.81795E-11
3.92123E-11
4.10354E-11
4.09123E-11
4.26313E-11
4.47937E-11
4.55212E-11
4.60361E-11
4.69992E-11
4.81081E-11
4.89314E-11
5.02695E-11
5.15065E-11
5.25719E-11
5.34152E-11
5.42779E-11
5.62446E-11
5.51763E-11
5.54413E-11
5.53186E-11
5.76476E-11
5.83880E-11
5.88520E-11
5.98882E-11
6.02942E-11
6.15718E-11
6.15932E-11
6.22288E-11
6.37164E-11
6.38662E-11
6.56556E-11
6.80297E-11
6.80233E-11
6.95805E-11
7.33170E-11
7.17725E-11
7.28299E-11
7.43854E-11
7.80005E-11
7.78055E-11
8.11769E-11
8.05975E-11
8.32842E-11
8.55228E-11
8.74126E-11
8.74493E-11
8.84432E-11
9.25176E-11
9.35075E-11
9.44198E-11
9.66300E-11
9.77329E-11
1.00795E-10
1.04816E-10
1.04218E-10
1.06236E-10
1.07642E-10
1.10050E-10
1.12401E-10
1.13873E-10
1.17405E-10
1.18602E-10
1.21162E-10
1.23968E-10
1.25597E-10
1.28477E-10
1.31053E-10
1.29834E-10
1.32651E-10
1.35670E-10
1.36389E-10
1.38989E-10
1.41993E-10
1.43598E-10
1.45490E-10
1.47655E-10
1.53865E-10
1.52275E-10
1.53266E-10
1.58058E-10
1.56657E-10
1.56721E-10
1.60467E-10
1.61476E-10
1.61444E-10
1.60737E-10
1.55996E-10
1.57499E-10
1.50935E-10
1.46012E-10
1.35459E-10
1.20621E-10
9.64808E-11
5.65120E-11
7.40902E-12
2.18828E-11
1.11173E-10
1.68475E-10
1.94673E-10
2.11359E-10
2.19615E-10
2.25376E-10
2.30108E-10
2.26728E-10
2.24455E-10
2.10159E-10
1.87090E-10
1.07296E-10
8.40194E-11
2.28967E-10
2.59291E-10
2.70325E-10
2.72921E-10
2.83425E-10
2.81919E-10
2.83384E-10
2.87226E-10
2.87599E-10
2.85893E-10
2.84120E-10
2.78962E-10
2.73994E-10
2.62178E-10
2.24609E-10
1.76458E-10
1.02625E-10
3.12160E-11
2.82994E-12
1.15449E-11
2.98369E-11
6.33017E-11
2.13500E-10
2.71624E-10
2.93790E-10
2.67151E-10
9.80107E-11
3.50481E-10
4.29844E-10
4.50983E-10
4.63011E-10
4.66403E-10
4.63067E-10
4.69291E-10
4.52293E-10
4.00937E-10
4.54649E-10
4.02183E-10
1.07612E-10
3.59535E-10
5.47736E-10
5.73480E-10
5.82966E-10
5.89259E-10
5.90193E-10
5.58595E-10
6.23053E-10
6.20951E-10
6.15069E-10
6.36722E-10
6.39390E-10
6.42054E-10
6.36690E-10
6.25267E-10
6.56352E-10
4.12192E-10
6.60263E-10
6.08941E-10
4.85929E-10
6.94631E-10
6.97674E-10
6.90884E-10
7.09324E-10
7.63426E-10
5.42745E-10
7.43140E-10
7.48913E-10
8.82696E-10
2.22667E-10
6.48042E-10
7.65887E-10
8.08884E-10
6.56778E-10
8.55499E-10
6.89198E-10
6.72606E-10
9.00395E-10
8.32495E-10
9.35330E-10
9.30934E-10
7.23441E-10
5.46657E-10
6.16818E-10
7.83222E-10
8.56647E-10
8.84210E-10
8.02281E-10
9.47218E-10
1.00305E-09
8.94663E-10
9.37181E-10
9.79597E-10
9.77686E-10
9.43841E-10
9.56563E-10
1.14469E-09
8.61594E-10
1.06598E-09
9.17515E-10
1.19117E-09
8.15315E-10
1.06189E-09
1.12735E-09
1.31797E-09
8.79129E-10
1.02872E-09
1.10330E-09
8.49698E-10
1.03576E-09
1.30579E-09
1.05665E-09
1.32163E-09
1.07841E-09
1.36241E-09
1.08708E-09
1.27927E-09
1.33016E-09
1.32986E-09
1.37464E-09
1.45892E-09
1.44593E-09
1.13227E-09
1.26934E-09
1.26014E-09
1.23182E-09
1.35666E-09
1.19161E-09
1.36997E-09
1.75182E-09
1.27195E-09
1.39044E-09
1.57330E-09
1.51749E-09
1.77236E-09
1.20138E-09
1.39345E-09
1.37125E-09
1.46020E-09
1.67706E-09
1.63319E-09
1.78761E-09
1.75149E-09
1.72487E-09
1.70369E-09
1.56131E-09
1.57387E-09
1.74591E-09
1.55924E-09
1.28360E-09
9.73393E-10
9.72133E-10
1.13201E-09
1.26016E-09
1.39842E-09
1.51235E-09
1.54497E-09
1.57093E-09
1.60939E-09
1.66470E-09
1.68449E-09
1.70521E-09
1.71946E-09
1.74266E-09
1.78733E-09
1.80373E-09
1.81696E-09
1.83786E-09
1.84224E-09
1.94817E-09
1.98432E-09
2.01640E-09
2.06921E-09
2.27095E-09
2.78053E-09
4.52590E-09
4.68097E-09
1.79411E-09
5.71440E-10
1.03139E-09
1.46355E-09
1.73728E-09
1.90567E-09
2.00903E-09
2.11298E-09
2.28313E-09
2.27010E-09
2.28338E-09
2.53970E-09
2.70852E-09
2.62157E-09
2.05728E-09
2.15082E-09
2.48797E-09
2.62712E-09
2.75626E-09
2.98581E-09
3.46803E-09
3.93331E-09
2.31171E-09
3.14069E-09
4.70725E-09
1.90928E-09
2.96707E-09
3.21845E-09
2.78574E-09
3.12256E-09
3.51561E-09
3.64211E-09
3.90336E-09
4.38261E-09
4.17180E-09
6.28349E-09
2.87084E-09
3.06701E-09
3.87510E-09
4.75955E-09
3.93572E-09
5.31702E-09
4.27974E-09
3.07635E-09
3.70879E-09
4.45447E-09
3.67361E-09
4.13005E-09
4.08037E-09
4.57875E-09
5.65742E-09
4.04792E-09
6.18747E-09
7.96801E-09
4.73580E-09
7.27131E-09
7.26151E-09
7.39682E-09
5.51595E-09
5.45977E-09
5.82209E-09
6.14180E-09
7.37978E-09
7.87629E-09
7.70563E-09
7.36844E-09
8.56685E-09
8.70841E-09
8.97794E-09
9.52514E-09
8.32021E-09
9.16125E-09
7.44790E-09
7.22341E-09
7.46689E-09
6.96665E-09
6.91272E-09
7.06100E-09
6.08202E-09
5.76449E-09
5.87701E-09
6.22445E-09
6.39301E-09
5.61480E-09
5.29461E-09
5.28897E-09
4.96592E-09
4.66905E-09
4.46648E-09
4.50576E-09
4.42265E-09
4.12567E-09
3.71166E-09
3.38965E-09
3.31030E-09
3.21377E-09
3.09983E-09
2.86372E-09
2.56310E-09
2.32226E-09
2.18419E-09
1.95727E-09
1.81684E-09
1.62157E-09
1.51782E-09
1.37569E-09
1.24016E-09
1.10546E-09
1.01749E-09
9.24069E-10
8.55626E-10
7.91377E-10
7.35005E-10
6.87501E-10
6.35365E-10
5.99940E-10
5.74122E-10
5.46491E-10
5.18863E-10
4.95804E-10
4.65214E-10
4.46315E-10
4.30895E-10
4.16211E-10
4.11587E-10
4.36338E-10
4.37391E-10
3.85414E-10
3.30778E-10
1.37662E-10
1.34326E-10
1.31470E-10
1.33915E-10
1.41495E-10
1.44844E-10
1.34355E-10
1.21576E-10
1.22532E-10
1.44159E-10
1.89406E-10
2.40677E-10
2.81135E-10
3.25327E-10
4.24815E-10
6.77520E-10
1.62762E-09
5.16454E-09
1.39035E-08
2.58917E-08
3.16910E-08
2.51789E-08
1.29271E-08
4.28460E-09
9.05493E-10
1.23799E-10
1.05229E-11
5.38349E-13
3.52586E-14
0.00000E+00
0.00000E+00
0.00000E+00
0.00000E+00
0.00000E+00
0.00000E+00
0.00000E+00
0.00000E+00
0.00000E+00
0.00000E+00
0.00000E+00
0.00000E+00
0.00000E+00
0.00000E+00
0.00000E+00
0.00000E+00
0.00000E+00
0.00000E+00
0.00000E+00
0.00000E+00
0.00000E+00
0.00000E+00
0.00000E+00
0.00000E+00
0.00000E+00
0.00000E+00
0.00000E+00
0.00000E+00
0.00000E+00
0.00000E+00
0.00000E+00
0.00000E+00
0.00000E+00
0.00000E+00
0.00000E+00
0.00000E+00
0.00000E+00
0.00000E+00
0.00000E+00
0.00000E+00
0.00000E+00
0.00000E+00
0.00000E+00
0.00000E+00
0.00000E+00
0.00000E+00
0.00000E+00
0.00000E+00
0.00000E+00
0.00000E+00
0.00000E+00
0.00000E+00
0.00000E+00
0.00000E+00
0.00000E+00
0.00000E+00
0.00000E+00
0.00000E+00
0.00000E+00
0.00000E+00
0.00000E+00
0.00000E+00
0.00000E+00
0.00000E+00
0.00000E+00
0.00000E+00
0.00000E+00
0.00000E+00
0.00000E+00
0.00000E+00
0.00000E+00
0.00000E+00
0.00000E+00
0.00000E+00
0.00000E+00
0.00000E+00
0.00000E+00
0.00000E+00
0.00000E+00

cell9
0.00000E+00
0.00000E+00
0.00000E+00
0.00000E+00
0.00000E+00
0.00000E+00
0.00000E+00
0.00000E+00
0.00000E+00
0.00000E+00
0.00000E+00
0.00000E+00
0.00000E+00
0.00000E+00
0.00000E+00
0.00000E+00
0.00000E+00
0.00000E+00
0.00000E+00
0.00000E+00
0.00000E+00
0.00000E+00
0.00000E+00
0.00000E+00
0.00000E+00
0.00000E+00
0.00000E+00
0.00000E+00
0.00000E+00
0.00000E+00
0.00000E+00
0.00000E+00
0.00000E+00
0.00000E+00
0.00000E+00
0.00000E+00
0.00000E+00
0.00000E+00
0.00000E+00
0.00000E+00
0.00000E+00
0.00000E+00
0.00000E+00
0.00000E+00
0.00000E+00
0.00000E+00
0.00000E+00
0.00000E+00
0.00000E+00
0.00000E+00
0.00000E+00
0.00000E+00
6.82978E-15
0.00000E+00
0.00000E+00
0.00000E+00
0.00000E+00
0.00000E+00
0.00000E+00
0.00000E+00
0.00000E+00
0.00000E+00
0.00000E+00
0.00000E+00
0.00000E+00
0.00000E+00
2.26138E-16
0.00000E+00
0.00000E+00
0.00000E+00
2.28792E-16
0.00000E+00
0.00000E+00
8.84770E-16
0.00000E+00
2.80174E-15
1.27637E-15
1.93072E-16
1.52850E-18
8.21175E-15
1.75234E-15
0.00000E+00
3.64751E-15
2.04807E-15
0.00000E+00
1.18953E-15
1.14382E-15
1.17564E-15
7.99858E-15
3.32092E-15
7.43288E-15
9.56008E-15
1.24623E-14
1.21395E-14
1.39320E-14
6.85572E-15
2.06953E-15
3.52672E-14
9.62321E-15
8.22143E-15
2.20599E-14
1.16913E-14
1.78418E-14
1.96374E-14
3.82718E-14
1.06530E-14
3.43173E-14
4.38698E-14
3.84697E-14
6.73870E-14
4.16479E-14
6.32290E-14
5.79608E-14
8.12644E-14
1.03530E-13
6.98531E-14
7.74730E-14
9.85824E-14
1.60653E-13
1.04885E-13
1.87868E-13
1.87805E-13
2.20947E-13
1.94241E-13
2.86768E-13
3.07139E-13
3.39431E-13
3.32054E-13
4.01395E-13
4.36365E-13
4.31398E-13
5.00963E-13
5.15318E-13
5.96477E-13
7.01175E-13
7.53928E-13
7.82608E-13
8.98121E-13
1.08208E-12
1.16903E-12
1.33310E-12
1.40363E-12
1.54029E-12
1.67362E-12
1.79341E-12
1.90713E-12
2.23061E-12
2.27180E-12
2.55781E-12
2.81579E-12
2.99604E-12
3.55687E-12
3.71949E-12
4.09957E-12
4.40150E-12
4.87414E-12
5.31677E-12
5.68048E-12
6.03386E-12
6.43076E-12
7.40373E-12
7.77995E-12
8.95759E-12
9.54453E-12
9.75331E-12
1.08045E-11
1.12535E-11
1.23374E-11
1.37208E-11
1.45793E-11
1.54688E-11
1.57693E-11
1.77512E-11
1.85080E-11
1.98513E-11
2.10643E-11
2.17345E-11
2.31228E-11
2.48595E-11
2.63374E-11
2.80382E-11
2.77591E-11
2.99234E-11
3.14521E-11
3.31670E-11
3.48173E-11
3.68210E-11
3.81795E-11
3.92123E-11
4.10354E-11
4.09123E-11
4.26313E-11
4.47937E-11
4.55212E-11
4.60361E-11
4.69992E-11
4.81081E-11
4.89314E-11
5.02695E-11
5.15065E-11
5.25719E-11
5.34152E-11
5.42779E-11
5.62446E-11
5.51763E-11
5.54413E-11
5.53186E-11
5.76476E-11
5.83880E-11
5.88520E-11
5.98882E-11
6.02942E-11
6.15718E-11
6.15932E-11
6.22288E-11
6.37164E-11
6.38662E-11
6.56556E-11
6.80297E-11
6.80233E-11
6.95805E-11
7.33170E-11
7.17725E-11
7.28299E-11
7.43854E-11
7.80005E-11
7.78055E-11
8.11769E-11
8.05975E-11
8.32842E-11
8.55228E-11
8.74126E-11
8.74493E-11
8.84432E-11
9.25176E-11
9.35075E-11
9.44198E-11
9.66300E-11
9.77329E-11
1.00795E-10
1.04816E-10
1.04218E-10
1.06236E-10
1.07642E-10
1.10050E-10
1.12401E-10
1.13873E-10
1.17405E-10
1.18602E-10
1.21162E-10
1.23968E-10
1.25597E-10
1.28477E-10
1.31053E-10
1.29834E-10
1.32651E-10
1.35670E-10
1.36389E-10
1.38989E-10
1.41993E-10
1.43598E-10
1.45490E-10
1.47655E-10
1.53865E-10
1.52275E-10
1.53266E-10
1.58058E-10
1.56657E-10
1.56721E-10
1.60467E-10
1.61476E-10
1.61444E-10
1.60737E-10
1.55996E-10
1.57499E-10
1.50935E-10
1.46012E-10
1.35459E-10
1.20621E-10
9.64808E-11
5.65120E-11
7.40902E-12
2.18828E-11
1.11173E-10
1.68475E-10
1.94673E-10
2.11359E-10
2.19615E-10
2.25376E-10
2.30108E-10
2.26728E-10
2.24455E-10
2.10159E-10
1.87090E-10
1.07296E-10
8.40194E-11
2.28967E-10
2.59291E-10
2.70325E-10
2.72921E-10
2.83425E-10
2.81919E-10
2.83384E-10
2.87226E-10
2.87599E-10
2.85893E-10
2.84120E-10
2.78962E-10
2.73994E-10
2.62178E-10
2.24609E-10
1.76458E-10
1.02625E-10
3.12160E-11
2.82994E-12
1.15449E-11
2.98369E-11
6.33017E-11
2.13500E-10
2.71624E-10
2.93790E-10
2.67151E-10
9.80107E-11
3.50481E-10
4.29844E-10
4.50983E-10
4.63011E-10
4.66403E-10
4.63067E-10
4.69291E-10
4.52293E-10
4.00937E-10
4.54649E-10
4.02183E-10
1.07612E-10
3.59535E-10
5.47736E-10
5.73480E-10
5.82966E-10
5.89259E-10
5.90193E-10
5.58595E-10
6.23053E-10
6.20951E-10
6.15069E-10
6.36722E-10
6.39390E-10
6.42054E-10
6.36690E-10
6.25267E-10
6.56352E-10
4.12192E-10
6.60263E-10
6.08941E-10
4.85929E-10
6.94631E-10
6.97674E-10
6.90884E-10
7.09324E-10
7.63426E-10
5.42745E-10
7.43140E-10
7.48913E-10
8.82696E-10
2.22667E-10
6.48042E-10
7.65887E-10
8.08884E-10
6.56778E-10
8.55499E-10
6.89198E-10
6.72606E-10
9.00395E-10
8.32495E-10
9.35330E-10
9.30934E-10
7.23441E-10
5.46657E-10
6.16818E-10
7.83222E-10
8.56647E-10
8.84210E-10
8.02281E-10
9.47218E-10
1.00305E-09
8.94663E-10
9.37181E-10
9.79597E-10
9.77686E-10
9.43841E-10
9.56563E-10
1.14469E-09
8.61594E-10
1.06598E-09
9.17515E-10
1.19117E-09
8.15315E-10
1.06189E-09
1.12735E-09
1.31797E-09
8.79129E-10
1.02872E-09
1.10330E-09
8.49698E-10
1.03576E-09
1.30579E-09
1.05665E-09
1.32163E-09
1.07841E-09
1.36241E-09
1.08708E-09
1.27927E-09
1.33016E-09
1.32986E-09
1.37464E-09
1.45892E-09
1.44593E-09
1.13227E-09
1.26934E-09
1.26014E-09
1.23182E-09
1.35666E-09
1.19161E-09
1.36997E-09
1.75182E-09
1.27195E-09
1.39044E-09
1.57330E-09
1.51749E-09
1.77236E-09
1.20138E-09
1.39345E-09
1.37125E-09
1.46020E-09
1.67706E-09
1.63319E-09
1.78761E-09
1.75149E-09
1.72487E-09
1.70369E-09
1.56131E-09
1.57387E-09
1.74591E-09
1.55924E-09
1.28360E-09
9.73393E-10
9.72133E-10
1.13201E-09
1.26016E-09
1.39842E-09
1.51235E-09
1.54497E-09
1.57093E-09
1.60939E-09
1.66470E-09
1.68449E-09
1.70521E-09
1.71946E-09
1.74266E-09
1.78733E-09
1.80373E-09
1.81696E-09
1.83786E-09
1.84224E-09
1.94817E-09
1.98432E-09
2.01640E-09
2.06921E-09
2.27095E-09
2.78053E-09
4.52590E-09
4.68097E-09
1.79411E-09
5.71440E-10
1.03139E-09
1.46355E-09
1.73728E-09
1.90567E-09
2.00903E-09
2.11298E-09
2.28313E-09
2.27010E-09
2.28338E-09
2.53970E-09
2.70852E-09
2.62157E-09
2.05728E-09
2.15082E-09
2.48797E-09
2.62712E-09
2.75626E-09
2.98581E-09
3.46803E-09
3.93331E-09
2.31171E-09
3.14069E-09
4.70725E-09
1.90928E-09
2.96707E-09
3.21845E-09
2.78574E-09
3.12256E-09
3.51561E-09
3.64211E-09
3.90336E-09
4.38261E-09
4.17180E-09
6.28349E-09
2.87084E-09
3.06701E-09
3.87510E-09
4.75955E-09
3.93572E-09
5.31702E-09
4.27974E-09
3.07635E-09
3.70879E-09
4.45447E-09
3.67361E-09
4.13005E-09
4.08037E-09
4.57875E-09
5.65742E-09
4.04792E-09
6.18747E-09
7.96801E-09
4.73580E-09
7.27131E-09
7.26151E-09
7.39682E-09
5.51595E-09
5.45977E-09
5.82209E-09
6.14180E-09
7.37978E-09
7.87629E-09
7.70563E-09
7.36844E-09
8.56685E-09
8.70841E-09
8.97794E-09
9.52514E-09
8.32021E-09
9.16125E-09
7.44790E-09
7.22341E-09
7.46689E-09
6.96665E-09
6.91272E-09
7.06100E-09
6.08202E-09
5.76449E-09
5.87701E-09
6.22445E-09
6.39301E-09
5.61480E-09
5.29461E-09
5.28897E-09
4.96592E-09
4.66905E-09
4.46648E-09
4.50576E-09
4.42265E-09
4.12567E-09
3.71166E-09
3.38965E-09
3.31030E-09
3.21377E-09
3.09983E-09
2.86372E-09
2.56310E-09
2.32226E-09
2.18419E-09
1.95727E-09
1.81684E-09
1.62157E-09
1.51782E-09
1.37569E-09
1.24016E-09
1.10546E-09
1.01749E-09
9.24069E-10
8.55626E-10
7.91377E-10
7.35005E-10
6.87501E-10
6.35365E-10
5.99940E-10
5.74122E-10
5.46491E-10
5.18863E-10
4.95804E-10
4.65214E-10
4.46315E-10
4.30895E-10
4.16211E-10
4.11587E-10
4.36338E-10
4.37391E-10
3.85414E-10
3.30778E-10
1.37662E-10
1.34326E-10
1.31470E-10
1.33915E-10
1.41495E-10
1.44844E-10
1.34355E-10
1.21576E-10
1.22532E-10
1.44159E-10
1.89406E-10
2.40677E-10
2.81135E-10
3.25327E-10
4.24815E-10
6.77520E-10
1.62762E-09
5.16454E-09
1.39035E-08
2.58917E-08
3.16910E-08
2.51789E-08
1.29271E-08
4.28460E-09
9.05493E-10
1.23799E-10
1.05229E-11
5.38349E-13
3.52586E-14
0.00000E+00
0.00000E+00
0.00000E+00
0.00000E+00
0.00000E+00
0.00000E+00
0.00000E+00
0.00000E+00
0.00000E+00
0.00000E+00
0.00000E+00
0.00000E+00
0.00000E+00
0.00000E+00
0.00000E+00
0.00000E+00
0.00000E+00
0.00000E+00
0.00000E+00
0.00000E+00
0.00000E+00
0.00000E+00
0.00000E+00
0.00000E+00
0.00000E+00
0.00000E+00
0.00000E+00
0.00000E+00
0.00000E+00
0.00000E+00
0.00000E+00
0.00000E+00
0.00000E+00
0.00000E+00
0.00000E+00
0.00000E+00
0.00000E+00
0.00000E+00
0.00000E+00
0.00000E+00
0.00000E+00
0.00000E+00
0.00000E+00
0.00000E+00
0.00000E+00
0.00000E+00
0.00000E+00
0.00000E+00
0.00000E+00
0.00000E+00
0.00000E+00
0.00000E+00
0.00000E+00
0.00000E+00
0.00000E+00
0.00000E+00
0.00000E+00
0.00000E+00
0.00000E+00
0.00000E+00
0.00000E+00
0.00000E+00
0.00000E+00
0.00000E+00
0.00000E+00
0.00000E+00
0.00000E+00
0.00000E+00
0.00000E+00
0.00000E+00
0.00000E+00
0.00000E+00
0.00000E+00
0.00000E+00
0.00000E+00
0.00000E+00
0.00000E+00
0.00000E+00
0.00000E+00

cell10
0.00000E+00
4.24191E-26
3.30165E-28
2.66697E-26
9.93156E-27
1.69985E-26
1.23813E-27
1.25452E-27
1.04552E-27
1.02867E-27
1.74004E-27
3.31542E-27
3.62255E-26
1.24267E-26
4.96551E-26
8.76633E-27
1.14000E-27
5.82525E-26
7.50061E-27
1.87069E-26
2.91295E-26
8.24354E-27
3.89308E-27
5.92611E-25
1.16213E-25
8.21472E-27
1.10530E-26
2.20795E-26
3.96563E-26
4.86198E-26
2.38069E-26
2.43088E-25
4.14737E-26
3.49080E-26
5.79969E-26
2.41373E-25
1.09211E-25
1.34835E-25
7.22578E-25
1.60217E-25
9.88083E-26
1.32320E-25
4.11517E-25
3.32869E-25
6.60906E-25
1.06208E-24
2.30229E-25
3.02756E-25
1.02416E-24
2.91640E-25
1.96171E-24
4.77162E-25
3.77409E-25
8.57678E-25
7.39500E-25
1.93170E-24
7.59757E-25
5.78618E-24
9.83730E-24
1.21956E-24
2.94968E-24
4.96537E-23
1.35604E-24
4.69966E-24
2.72858E-24
3.17673E-24
4.09507E-24
6.18242E-24
4.17493E-24
1.62022E-22
4.00437E-24
3.56364E-24
3.78179E-24
6.29421E-24
6.84118E-24
1.29648E-23
2.74096E-23
9.99364E-24
8.41974E-24
3.51295E-23
7.53921E-22
2.16117E-23
1.31531E-22
6.61586E-23
2.38865E-23
2.69620E-21
3.15115E-23
3.36945E-23
1.70720E-23
1.82619E-22
5.05025E-23
3.86725E-23
1.27558E-22
7.12828E-23
8.72512E-23
1.92737E-22
2.28440E-22
1.97725E-22
8.54344E-22
1.57508E-22
1.22961E-21
1.93969E-22
2.83445E-22
6.68862E-22
8.13266E-22
2.76418E-22
7.40807E-22
4.55530E-22
4.54941E-22
3.61014E-22
6.18851E-22
6.24437E-22
3.73143E-22
1.08301E-21
5.52784E-22
1.24482E-21
2.60784E-21
1.14210E-21
1.10729E-21
1.18831E-21
1.35909E-21
1.45401E-21
2.69259E-21
3.37289E-21
1.76267E-20
5.82812E-21
2.04210E-21
3.10336E-21
2.73226E-21
5.01378E-21
4.10871E-21
4.72064E-21
9.18698E-21
5.01620E-21
6.62057E-21
8.73296E-21
7.04699E-21
7.24700E-21
8.74859E-21
6.30285E-21
1.34820E-20
1.36160E-20
1.04378E-20
1.65283E-20
1.30052E-20
2.74849E-20
1.36768E-20
1.76347E-20
6.38236E-20
2.32639E-20
3.82000E-20
2.64703E-20
3.66021E-20
3.20764E-20
2.87820E-20
3.37649E-20
3.38934E-20
4.56933E-20
4.42421E-20
7.86133E-20
4.13155E-20
1.05230E-19
5.70797E-20
5.95033E-20
6.69945E-20
8.28173E-20
9.73626E-20
7.32058E-20
1.41863E-19
1.19455E-19
1.53799E-19
1.50326E-19
1.07341E-19
1.03280E-19
1.42645E-19
1.33414E-19
1.48380E-19
1.98763E-19
1.62690E-19
1.37569E-19
1.30918E-19
1.90508E-19
1.86952E-19
2.45561E-19
2.32707E-19
1.82029E-19
1.72702E-19
1.92314E-19
1.92437E-19
2.13050E-19
1.97060E-19
1.86069E-19
2.63689E-19
2.10213E-19
1.18176E-19
1.48837E-19
2.02545E-19
1.51188E-19
1.52149E-19
1.28232E-19
1.23206E-19
9.07398E-20
9.69273E-20
1.08615E-19
7.23129E-20
7.59324E-20
7.78313E-20
5.29628E-20
4.99095E-20
4.26458E-20
4.67150E-20
5.01953E-20
5.07035E-20
3.57917E-20
3.51814E-20
4.43143E-20
4.32005E-20
4.76769E-20
3.65367E-20
2.38909E-20
3.04551E-20
2.84792E-20
3.50689E-20
3.46707E-20
2.66146E-20
2.88476E-20
4.13161E-20
2.94613E-20
1.99204E-20
2.01266E-20
2.52321E-20
3.34975E-20
2.68436E-20
4.20751E-20
2.73859E-20
2.16308E-20
1.90909E-20
2.60288E-20
4.55756E-20
2.83738E-20
2.37686E-20
3.27059E-20
1.54146E-20
3.46145E-20
1.88351E-20
3.36755E-20
3.08342E-20
2.59604E-20
4.97917E-20
3.64019E-20
3.48866E-20
4.48686E-20
1.74271E-19
8.50248E-20
7.24195E-20
3.00248E-20
2.88288E-20
5.11418E-20
5.97132E-20
5.48594E-20
1.22676E-19
4.84431E-20
9.21071E-20
6.80051E-20
9.28887E-20
2.68041E-20
5.54344E-20
2.75656E-20
5.53974E-20
1.51570E-19
2.83032E-20
2.50881E-20
3.76483E-20
7.91585E-20
2.74589E-20
5.10378E-20
4.47484E-20
1.64774E-20
2.47642E-20
3.29981E-20
4.40252E-20
2.05163E-20
3.39382E-20
2.19913E-20
2.19921E-20
1.29251E-19
2.75077E-20
4.85598E-20
8.04606E-20
2.38538E-20
2.31232E-20
5.40457E-20
5.80988E-20
2.14218E-20
8.94340E-20
5.81065E-20
1.94985E-20
1.58993E-20
2.25592E-20
2.75862E-20
2.61654E-20
1.33271E-20
2.06063E-20
6.54282E-20
3.06731E-20
3.81608E-20
2.15500E-20
3.00372E-20
2.09651E-20
2.50144E-20
1.59396E-20
3.70948E-20
3.04532E-20
5.59701E-20
3.31845E-20
3.10124E-20
3.17591E-20
1.60650E-20
2.26191E-20
1.87572E-20
2.56594E-20
1.66494E-20
1.67228E-20
3.43120E-20
1.58016E-20
4.51097E-20
1.34303E-20
2.80681E-20
9.39369E-20
1.72943E-20
4.38514E-20
1.53969E-20
7.03605E-20
1.49549E-20
2.37802E-20
1.90121E-20
1.40874E-20
2.29567E-20
1.12618E-20
1.57460E-20
1.74830E-20
1.91943E-20
1.72884E-20
2.96735E-20
2.01899E-20
1.87790E-20
9.94138E-21
1.52507E-20
2.58108E-20
2.64581E-20
2.00266E-20
8.29725E-21
1.12206E-20
1.18759E-20
3.41501E-20
2.86660E-20
2.32268E-20
1.50786E-20
4.60461E-20
9.42784E-21
4.44122E-20
4.78446E-20
1.35588E-20
2.07625E-20
1.78293E-20
3.06406E-20
7.62632E-21
3.29776E-20
3.30797E-20
2.21335E-20
3.19121E-20
6.77528E-21
2.83571E-20
1.62379E-20
7.54608E-21
8.60466E-21
1.10312E-20
4.33138E-20
1.12916E-20
1.71190E-20
8.03635E-21
3.44819E-20
8.76328E-21
1.27074E-19
7.67611E-21
6.82956E-20
6.60462E-21
1.39762E-20
6.99367E-21
4.44262E-21
3.86275E-20
1.08877E-20
2.47547E-20
2.86915E-20
7.94755E-20
8.50235E-21
1.18822E-20
1.36473E-20
1.79150E-20
1.68376E-20
7.21328E-21
3.78853E-21
9.29202E-21
9.94422E-21
1.21169E-20
1.60060E-20
1.18457E-20
4.29641E-21
7.25143E-21
4.60791E-21
8.99694E-21
2.85634E-20
5.30121E-21
1.66675E-20
1.00959E-20
5.87243E-21
5.10938E-21
6.70144E-21
6.50521E-21
1.15006E-20
6.67031E-21
7.13963E-21
1.41389E-20
2.89357E-21
3.30444E-21
4.79938E-21
9.68494E-21
1.12219E-20
1.08664E-20
5.72759E-21
4.03147E-21
4.49120E-21
1.05898E-20
1.93403E-20
7.21191E-21
7.27538E-21
9.97338E-21
1.43026E-20
7.95009E-21
7.72412E-21
2.13355E-20
1.63437E-20
2.01551E-20
5.69687E-20
3.92321E-21
9.15656E-21
1.09404E-20
3.16935E-21
3.20709E-21
3.06060E-21
2.67061E-20
3.08295E-21
8.48136E-21
5.69550E-21
7.02724E-21
6.06688E-21
5.07978E-21
3.27655E-21
4.31622E-21
2.70819E-20
2.47441E-21
3.39272E-20
6.56526E-21
2.86477E-21
7.30772E-21
5.79673E-21
1.12281E-20
6.91605E-21
3.42085E-21
5.09835E-21
1.23764E-20
4.92131E-21
5.02697E-21
6.40482E-21
4.78483E-21
8.54359E-20
7.08311E-21
4.96369E-21
5.16806E-21
5.25356E-21
7.74570E-20
5.87672E-21
9.93973E-21
8.41128E-21
7.94254E-20
1.67441E-20
6.41135E-20
1.06014E-20
1.02707E-20
3.89057E-21
2.82105E-20
4.83635E-21
4.06240E-21
4.46823E-21
2.53355E-21
6.57766E-21
5.66750E-21
1.13491E-20
4.75909E-21
6.76838E-21
9.93967E-21
1.51600E-20
9.10104E-21
9.87684E-21
5.81573E-21
1.02157E-20
9.43032E-21
1.81459E-20
1.32377E-20
5.82211E-21
1.30973E-20
2.15344E-20
9.53549E-21
1.89838E-20
1.50084E-20
1.86531E-20
3.06635E-20
2.21215E-20
4.77527E-21
2.39114E-20
1.63293E-20
5.31673E-21
5.37775E-21
5.34506E-21
5.35824E-21
7.30376E-20
1.43702E-20
4.11962E-21
8.28830E-20
9.36386E-21
4.01139E-21
4.54184E-21
2.43856E-21
3.19387E-21
2.21735E-20
1.81960E-20
1.31224E-20
1.50415E-20
9.72917E-21
1.00452E-20
1.99059E-20
2.92411E-21
3.35241E-21
4.39160E-21
5.30654E-19
6.00572E-21
2.61309E-20
9.58130E-21
2.42643E-21
1.74954E-21
1.69873E-21
6.44557E-21
4.09254E-20
7.37580E-22
1.66506E-21
1.01242E-21
8.80800E-22
1.63912E-21
1.70793E-21
7.70642E-22
2.62231E-21
3.95606E-22
3.15053E-21
9.44743E-22
5.44688E-22
5.21604E-22
1.80784E-22
4.95707E-22
8.09790E-22
2.82103E-21
5.46776E-22
8.45006E-23
4.32335E-22
6.45478E-22
3.93780E-22
1.01904E-22
2.95548E-22
1.49357E-22
5.34548E-23
6.90867E-23
8.13761E-22
9.28004E-22
8.87747E-22
1.23528E-20
1.23154E-21
3.61832E-21
1.26110E-22
8.16445E-22
6.93399E-21
1.05051E-22
4.22715E-22
2.49584E-22
3.70624E-23
5.96374E-22
2.03978E-24
3.21421E-22
1.28168E-21
1.95783E-23
1.11304E-23
3.54130E-23
3.16660E-24
6.49406E-25
7.79429E-23
8.28612E-25
7.43509E-23
5.35532E-24
3.36414E-24
3.75068E-25
2.22076E-24
9.76060E-25
2.75032E-22
1.91690E-25
1.80351E-23
3.67051E-24
6.30397E-24
1.08438E-23
8.49645E-24
3.81698E-23
2.02513E-24
2.79986E-21
1.74383E-24
4.00450E-23
1.23851E-22
3.62392E-27
0.00000E+00
0.00000E+00
0.00000E+00
0.00000E+00
0.00000E+00
0.00000E+00
0.00000E+00
0.00000E+00
0.00000E+00
0.00000E+00
0.00000E+00
0.00000E+00
0.00000E+00
0.00000E+00
0.00000E+00
0.00000E+00
0.00000E+00
0.00000E+00
0.00000E+00
0.00000E+00
0.00000E+00
0.00000E+00
0.00000E+00
0.00000E+00
0.00000E+00
0.00000E+00
0.00000E+00
0.00000E+00
0.00000E+00
0.00000E+00
0.00000E+00
0.00000E+00
0.00000E+00
0.00000E+00
0.00000E+00
0.00000E+00
0.00000E+00
0.00000E+00
0.00000E+00
0.00000E+00
0.00000E+00
0.00000E+00
0.00000E+00
0.00000E+00
0.00000E+00
0.00000E+00
0.00000E+00
0.00000E+00
0.00000E+00
0.00000E+00
0.00000E+00
0.00000E+00
0.00000E+00
0.00000E+00
0.00000E+00
0.00000E+00
0.00000E+00
0.00000E+00
0.00000E+00
0.00000E+00
0.00000E+00
0.00000E+00
0.00000E+00
0.00000E+00
0.00000E+00
0.00000E+00
0.00000E+00
0.00000E+00
0.00000E+00
0.00000E+00
0.00000E+00
0.00000E+00
0.00000E+00
0.00000E+00
0.00000E+00
0.00000E+00
0.00000E+00
0.00000E+00
0.00000E+00
0.00000E+00
0.00000E+00
0.00000E+00
0.00000E+00
0.00000E+00
0.00000E+00
